2022/06/26-10:27:32.700361 7f783cc9bc80 RocksDB version: 6.17.0
2022/06/26-10:27:32.700422 7f783cc9bc80 Git sha 0
2022/06/26-10:27:32.700459 7f783cc9bc80 DB SUMMARY
2022/06/26-10:27:32.700460 7f783cc9bc80 DB Session ID:  1AGVWDIB4MPDIWG0QYIN
2022/06/26-10:27:32.700488 7f783cc9bc80 CURRENT file:  CURRENT
2022/06/26-10:27:32.700490 7f783cc9bc80 IDENTITY file:  IDENTITY
2022/06/26-10:27:32.700492 7f783cc9bc80 MANIFEST file:  MANIFEST-000168 size: 6337 Bytes
2022/06/26-10:27:32.700494 7f783cc9bc80 SST files in /home/alula/Downloads/dfxproject1/chang3/.dfx/state/replicated_state/node-100/ic_consensus_pool/consensus dir, Total Num: 12, files: 000172.sst 000173.sst 000174.sst 000175.sst 000176.sst 000177.sst 000178.sst 000179.sst 000180.sst 
2022/06/26-10:27:32.700495 7f783cc9bc80 Write Ahead Log file in /home/alula/Downloads/dfxproject1/chang3/.dfx/state/replicated_state/node-100/ic_consensus_pool/consensus: 000169.log size: 7979579 ; 
2022/06/26-10:27:32.700496 7f783cc9bc80                         Options.error_if_exists: 0
2022/06/26-10:27:32.700497 7f783cc9bc80                       Options.create_if_missing: 1
2022/06/26-10:27:32.700497 7f783cc9bc80                         Options.paranoid_checks: 1
2022/06/26-10:27:32.700498 7f783cc9bc80                               Options.track_and_verify_wals_in_manifest: 0
2022/06/26-10:27:32.700499 7f783cc9bc80                                     Options.env: 0x55c9899ff920
2022/06/26-10:27:32.700500 7f783cc9bc80                                      Options.fs: Posix File System
2022/06/26-10:27:32.700500 7f783cc9bc80                                Options.info_log: 0x55c9cd88d370
2022/06/26-10:27:32.700501 7f783cc9bc80                Options.max_file_opening_threads: 16
2022/06/26-10:27:32.700502 7f783cc9bc80                              Options.statistics: (nil)
2022/06/26-10:27:32.700502 7f783cc9bc80                               Options.use_fsync: 1
2022/06/26-10:27:32.700503 7f783cc9bc80                       Options.max_log_file_size: 0
2022/06/26-10:27:32.700504 7f783cc9bc80                  Options.max_manifest_file_size: 1073741824
2022/06/26-10:27:32.700504 7f783cc9bc80                   Options.log_file_time_to_roll: 0
2022/06/26-10:27:32.700505 7f783cc9bc80                       Options.keep_log_file_num: 1000
2022/06/26-10:27:32.700506 7f783cc9bc80                    Options.recycle_log_file_num: 0
2022/06/26-10:27:32.700506 7f783cc9bc80                         Options.allow_fallocate: 1
2022/06/26-10:27:32.700507 7f783cc9bc80                        Options.allow_mmap_reads: 0
2022/06/26-10:27:32.700508 7f783cc9bc80                       Options.allow_mmap_writes: 0
2022/06/26-10:27:32.700508 7f783cc9bc80                        Options.use_direct_reads: 0
2022/06/26-10:27:32.700509 7f783cc9bc80                        Options.use_direct_io_for_flush_and_compaction: 0
2022/06/26-10:27:32.700509 7f783cc9bc80          Options.create_missing_column_families: 1
2022/06/26-10:27:32.700510 7f783cc9bc80                              Options.db_log_dir: 
2022/06/26-10:27:32.700511 7f783cc9bc80                                 Options.wal_dir: /home/alula/Downloads/dfxproject1/chang3/.dfx/state/replicated_state/node-100/ic_consensus_pool/consensus
2022/06/26-10:27:32.700511 7f783cc9bc80                Options.table_cache_numshardbits: 6
2022/06/26-10:27:32.700512 7f783cc9bc80                         Options.WAL_ttl_seconds: 0
2022/06/26-10:27:32.700513 7f783cc9bc80                       Options.WAL_size_limit_MB: 0
2022/06/26-10:27:32.700513 7f783cc9bc80                        Options.max_write_batch_group_size_bytes: 1048576
2022/06/26-10:27:32.700514 7f783cc9bc80             Options.manifest_preallocation_size: 4194304
2022/06/26-10:27:32.700515 7f783cc9bc80                     Options.is_fd_close_on_exec: 1
2022/06/26-10:27:32.700515 7f783cc9bc80                   Options.advise_random_on_open: 1
2022/06/26-10:27:32.700516 7f783cc9bc80                    Options.db_write_buffer_size: 0
2022/06/26-10:27:32.700516 7f783cc9bc80                    Options.write_buffer_manager: 0x55c9cd88b6b0
2022/06/26-10:27:32.700517 7f783cc9bc80         Options.access_hint_on_compaction_start: 1
2022/06/26-10:27:32.700528 7f783cc9bc80  Options.new_table_reader_for_compaction_inputs: 0
2022/06/26-10:27:32.700529 7f783cc9bc80           Options.random_access_max_buffer_size: 1048576
2022/06/26-10:27:32.700530 7f783cc9bc80                      Options.use_adaptive_mutex: 0
2022/06/26-10:27:32.700530 7f783cc9bc80                            Options.rate_limiter: (nil)
2022/06/26-10:27:32.700531 7f783cc9bc80     Options.sst_file_manager.rate_bytes_per_sec: 0
2022/06/26-10:27:32.700532 7f783cc9bc80                       Options.wal_recovery_mode: 2
2022/06/26-10:27:32.700532 7f783cc9bc80                  Options.enable_thread_tracking: 0
2022/06/26-10:27:32.700533 7f783cc9bc80                  Options.enable_pipelined_write: 0
2022/06/26-10:27:32.700534 7f783cc9bc80                  Options.unordered_write: 0
2022/06/26-10:27:32.700534 7f783cc9bc80         Options.allow_concurrent_memtable_write: 1
2022/06/26-10:27:32.700535 7f783cc9bc80      Options.enable_write_thread_adaptive_yield: 1
2022/06/26-10:27:32.700535 7f783cc9bc80             Options.write_thread_max_yield_usec: 100
2022/06/26-10:27:32.700536 7f783cc9bc80            Options.write_thread_slow_yield_usec: 3
2022/06/26-10:27:32.700537 7f783cc9bc80                               Options.row_cache: None
2022/06/26-10:27:32.700537 7f783cc9bc80                              Options.wal_filter: None
2022/06/26-10:27:32.700538 7f783cc9bc80             Options.avoid_flush_during_recovery: 0
2022/06/26-10:27:32.700539 7f783cc9bc80             Options.allow_ingest_behind: 0
2022/06/26-10:27:32.700539 7f783cc9bc80             Options.preserve_deletes: 0
2022/06/26-10:27:32.700540 7f783cc9bc80             Options.two_write_queues: 0
2022/06/26-10:27:32.700541 7f783cc9bc80             Options.manual_wal_flush: 0
2022/06/26-10:27:32.700541 7f783cc9bc80             Options.atomic_flush: 0
2022/06/26-10:27:32.700542 7f783cc9bc80             Options.avoid_unnecessary_blocking_io: 0
2022/06/26-10:27:32.700542 7f783cc9bc80                 Options.persist_stats_to_disk: 0
2022/06/26-10:27:32.700543 7f783cc9bc80                 Options.write_dbid_to_manifest: 0
2022/06/26-10:27:32.700544 7f783cc9bc80                 Options.log_readahead_size: 0
2022/06/26-10:27:32.700544 7f783cc9bc80                 Options.file_checksum_gen_factory: Unknown
2022/06/26-10:27:32.700545 7f783cc9bc80                 Options.best_efforts_recovery: 0
2022/06/26-10:27:32.700545 7f783cc9bc80                Options.max_bgerror_resume_count: 2147483647
2022/06/26-10:27:32.700546 7f783cc9bc80            Options.bgerror_resume_retry_interval: 1000000
2022/06/26-10:27:32.700547 7f783cc9bc80             Options.allow_data_in_errors: 0
2022/06/26-10:27:32.700547 7f783cc9bc80             Options.db_host_id: __hostname__
2022/06/26-10:27:32.700548 7f783cc9bc80             Options.max_background_jobs: 2
2022/06/26-10:27:32.700549 7f783cc9bc80             Options.max_background_compactions: -1
2022/06/26-10:27:32.700549 7f783cc9bc80             Options.max_subcompactions: 1
2022/06/26-10:27:32.700550 7f783cc9bc80             Options.avoid_flush_during_shutdown: 0
2022/06/26-10:27:32.700551 7f783cc9bc80           Options.writable_file_max_buffer_size: 1048576
2022/06/26-10:27:32.700551 7f783cc9bc80             Options.delayed_write_rate : 16777216
2022/06/26-10:27:32.700552 7f783cc9bc80             Options.max_total_wal_size: 0
2022/06/26-10:27:32.700552 7f783cc9bc80             Options.delete_obsolete_files_period_micros: 21600000000
2022/06/26-10:27:32.700553 7f783cc9bc80                   Options.stats_dump_period_sec: 600
2022/06/26-10:27:32.700554 7f783cc9bc80                 Options.stats_persist_period_sec: 600
2022/06/26-10:27:32.700554 7f783cc9bc80                 Options.stats_history_buffer_size: 1048576
2022/06/26-10:27:32.700555 7f783cc9bc80                          Options.max_open_files: -1
2022/06/26-10:27:32.700556 7f783cc9bc80                          Options.bytes_per_sync: 0
2022/06/26-10:27:32.700556 7f783cc9bc80                      Options.wal_bytes_per_sync: 0
2022/06/26-10:27:32.700562 7f783cc9bc80                   Options.strict_bytes_per_sync: 0
2022/06/26-10:27:32.700562 7f783cc9bc80       Options.compaction_readahead_size: 0
2022/06/26-10:27:32.700563 7f783cc9bc80                  Options.max_background_flushes: -1
2022/06/26-10:27:32.700564 7f783cc9bc80 Compression algorithms supported:
2022/06/26-10:27:32.700565 7f783cc9bc80 	kZSTDNotFinalCompression supported: 1
2022/06/26-10:27:32.700568 7f783cc9bc80 	kZSTD supported: 1
2022/06/26-10:27:32.700569 7f783cc9bc80 	kXpressCompression supported: 0
2022/06/26-10:27:32.700569 7f783cc9bc80 	kLZ4HCCompression supported: 1
2022/06/26-10:27:32.700571 7f783cc9bc80 	kLZ4Compression supported: 1
2022/06/26-10:27:32.700571 7f783cc9bc80 	kBZip2Compression supported: 1
2022/06/26-10:27:32.700572 7f783cc9bc80 	kZlibCompression supported: 1
2022/06/26-10:27:32.700573 7f783cc9bc80 	kSnappyCompression supported: 1
2022/06/26-10:27:32.700574 7f783cc9bc80 Fast CRC32 supported: Supported on x86
2022/06/26-10:27:32.700883 7f783cc9bc80 [db/version_set.cc:4758] Recovering from manifest file: /home/alula/Downloads/dfxproject1/chang3/.dfx/state/replicated_state/node-100/ic_consensus_pool/consensus/MANIFEST-000168
2022/06/26-10:27:32.700973 7f783cc9bc80 [db/column_family.cc:595] --------------- Options for column family [default]:
2022/06/26-10:27:32.700975 7f783cc9bc80               Options.comparator: leveldb.BytewiseComparator
2022/06/26-10:27:32.700976 7f783cc9bc80           Options.merge_operator: None
2022/06/26-10:27:32.700977 7f783cc9bc80        Options.compaction_filter: None
2022/06/26-10:27:32.700977 7f783cc9bc80        Options.compaction_filter_factory: None
2022/06/26-10:27:32.700978 7f783cc9bc80  Options.sst_partitioner_factory: None
2022/06/26-10:27:32.700979 7f783cc9bc80         Options.memtable_factory: SkipListFactory
2022/06/26-10:27:32.700979 7f783cc9bc80            Options.table_factory: BlockBasedTable
2022/06/26-10:27:32.701001 7f783cc9bc80            table_factory options:   flush_block_policy_factory: FlushBlockBySizePolicyFactory (0x55c9cd889160)
  cache_index_and_filter_blocks: 0
  cache_index_and_filter_blocks_with_high_priority: 1
  pin_l0_filter_and_index_blocks_in_cache: 0
  pin_top_level_index_and_filter: 1
  index_type: 0
  data_block_index_type: 0
  index_shortening: 1
  data_block_hash_table_util_ratio: 0.750000
  hash_index_allow_collision: 1
  checksum: 1
  no_block_cache: 0
  block_cache: 0x55c9cd8891b0
  block_cache_name: LRUCache
  block_cache_options:
    capacity : 8388608
    num_shard_bits : 4
    strict_capacity_limit : 0
    memory_allocator : None
    high_pri_pool_ratio: 0.000
  block_cache_compressed: (nil)
  persistent_cache: (nil)
  block_size: 4096
  block_size_deviation: 10
  block_restart_interval: 16
  index_block_restart_interval: 1
  metadata_block_size: 4096
  partition_filters: 0
  use_delta_encoding: 1
  filter_policy: nullptr
  whole_key_filtering: 1
  verify_compression: 0
  read_amp_bytes_per_bit: 0
  format_version: 4
  enable_index_compression: 1
  block_align: 0
2022/06/26-10:27:32.701006 7f783cc9bc80        Options.write_buffer_size: 67108864
2022/06/26-10:27:32.701007 7f783cc9bc80  Options.max_write_buffer_number: 2
2022/06/26-10:27:32.701007 7f783cc9bc80          Options.compression: Snappy
2022/06/26-10:27:32.701008 7f783cc9bc80                  Options.bottommost_compression: Disabled
2022/06/26-10:27:32.701008 7f783cc9bc80       Options.prefix_extractor: nullptr
2022/06/26-10:27:32.701009 7f783cc9bc80   Options.memtable_insert_with_hint_prefix_extractor: nullptr
2022/06/26-10:27:32.701010 7f783cc9bc80             Options.num_levels: 7
2022/06/26-10:27:32.701010 7f783cc9bc80        Options.min_write_buffer_number_to_merge: 1
2022/06/26-10:27:32.701011 7f783cc9bc80     Options.max_write_buffer_number_to_maintain: 0
2022/06/26-10:27:32.701012 7f783cc9bc80     Options.max_write_buffer_size_to_maintain: 0
2022/06/26-10:27:32.701012 7f783cc9bc80            Options.bottommost_compression_opts.window_bits: -14
2022/06/26-10:27:32.701013 7f783cc9bc80                  Options.bottommost_compression_opts.level: 32767
2022/06/26-10:27:32.701023 7f783cc9bc80               Options.bottommost_compression_opts.strategy: 0
2022/06/26-10:27:32.701023 7f783cc9bc80         Options.bottommost_compression_opts.max_dict_bytes: 0
2022/06/26-10:27:32.701024 7f783cc9bc80         Options.bottommost_compression_opts.zstd_max_train_bytes: 0
2022/06/26-10:27:32.701025 7f783cc9bc80         Options.bottommost_compression_opts.parallel_threads: 1
2022/06/26-10:27:32.701025 7f783cc9bc80                  Options.bottommost_compression_opts.enabled: false
2022/06/26-10:27:32.701026 7f783cc9bc80            Options.compression_opts.window_bits: -14
2022/06/26-10:27:32.701027 7f783cc9bc80                  Options.compression_opts.level: 32767
2022/06/26-10:27:32.701028 7f783cc9bc80               Options.compression_opts.strategy: 0
2022/06/26-10:27:32.701028 7f783cc9bc80         Options.compression_opts.max_dict_bytes: 0
2022/06/26-10:27:32.701029 7f783cc9bc80         Options.compression_opts.zstd_max_train_bytes: 0
2022/06/26-10:27:32.701029 7f783cc9bc80         Options.compression_opts.parallel_threads: 1
2022/06/26-10:27:32.701030 7f783cc9bc80                  Options.compression_opts.enabled: false
2022/06/26-10:27:32.701031 7f783cc9bc80      Options.level0_file_num_compaction_trigger: 4
2022/06/26-10:27:32.701031 7f783cc9bc80          Options.level0_slowdown_writes_trigger: 20
2022/06/26-10:27:32.701032 7f783cc9bc80              Options.level0_stop_writes_trigger: 36
2022/06/26-10:27:32.701033 7f783cc9bc80                   Options.target_file_size_base: 67108864
2022/06/26-10:27:32.701033 7f783cc9bc80             Options.target_file_size_multiplier: 1
2022/06/26-10:27:32.701034 7f783cc9bc80                Options.max_bytes_for_level_base: 268435456
2022/06/26-10:27:32.701034 7f783cc9bc80 Options.level_compaction_dynamic_level_bytes: 0
2022/06/26-10:27:32.701035 7f783cc9bc80          Options.max_bytes_for_level_multiplier: 10.000000
2022/06/26-10:27:32.701037 7f783cc9bc80 Options.max_bytes_for_level_multiplier_addtl[0]: 1
2022/06/26-10:27:32.701038 7f783cc9bc80 Options.max_bytes_for_level_multiplier_addtl[1]: 1
2022/06/26-10:27:32.701038 7f783cc9bc80 Options.max_bytes_for_level_multiplier_addtl[2]: 1
2022/06/26-10:27:32.701039 7f783cc9bc80 Options.max_bytes_for_level_multiplier_addtl[3]: 1
2022/06/26-10:27:32.701039 7f783cc9bc80 Options.max_bytes_for_level_multiplier_addtl[4]: 1
2022/06/26-10:27:32.701040 7f783cc9bc80 Options.max_bytes_for_level_multiplier_addtl[5]: 1
2022/06/26-10:27:32.701041 7f783cc9bc80 Options.max_bytes_for_level_multiplier_addtl[6]: 1
2022/06/26-10:27:32.701041 7f783cc9bc80       Options.max_sequential_skip_in_iterations: 8
2022/06/26-10:27:32.701042 7f783cc9bc80                    Options.max_compaction_bytes: 1677721600
2022/06/26-10:27:32.701043 7f783cc9bc80                        Options.arena_block_size: 8388608
2022/06/26-10:27:32.701043 7f783cc9bc80   Options.soft_pending_compaction_bytes_limit: 68719476736
2022/06/26-10:27:32.701044 7f783cc9bc80   Options.hard_pending_compaction_bytes_limit: 274877906944
2022/06/26-10:27:32.701045 7f783cc9bc80       Options.rate_limit_delay_max_milliseconds: 100
2022/06/26-10:27:32.701045 7f783cc9bc80                Options.disable_auto_compactions: 0
2022/06/26-10:27:32.701046 7f783cc9bc80                        Options.compaction_style: kCompactionStyleLevel
2022/06/26-10:27:32.701047 7f783cc9bc80                          Options.compaction_pri: kMinOverlappingRatio
2022/06/26-10:27:32.701048 7f783cc9bc80 Options.compaction_options_universal.size_ratio: 1
2022/06/26-10:27:32.701049 7f783cc9bc80 Options.compaction_options_universal.min_merge_width: 2
2022/06/26-10:27:32.701049 7f783cc9bc80 Options.compaction_options_universal.max_merge_width: 4294967295
2022/06/26-10:27:32.701050 7f783cc9bc80 Options.compaction_options_universal.max_size_amplification_percent: 200
2022/06/26-10:27:32.701050 7f783cc9bc80 Options.compaction_options_universal.compression_size_percent: -1
2022/06/26-10:27:32.701051 7f783cc9bc80 Options.compaction_options_universal.stop_style: kCompactionStopStyleTotalSize
2022/06/26-10:27:32.701056 7f783cc9bc80 Options.compaction_options_fifo.max_table_files_size: 1073741824
2022/06/26-10:27:32.701057 7f783cc9bc80 Options.compaction_options_fifo.allow_compaction: 0
2022/06/26-10:27:32.701059 7f783cc9bc80                   Options.table_properties_collectors: 
2022/06/26-10:27:32.701060 7f783cc9bc80                   Options.inplace_update_support: 0
2022/06/26-10:27:32.701061 7f783cc9bc80                 Options.inplace_update_num_locks: 10000
2022/06/26-10:27:32.701061 7f783cc9bc80               Options.memtable_prefix_bloom_size_ratio: 0.000000
2022/06/26-10:27:32.701062 7f783cc9bc80               Options.memtable_whole_key_filtering: 0
2022/06/26-10:27:32.701063 7f783cc9bc80   Options.memtable_huge_page_size: 0
2022/06/26-10:27:32.701064 7f783cc9bc80                           Options.bloom_locality: 0
2022/06/26-10:27:32.701064 7f783cc9bc80                    Options.max_successive_merges: 0
2022/06/26-10:27:32.701065 7f783cc9bc80                Options.optimize_filters_for_hits: 0
2022/06/26-10:27:32.701066 7f783cc9bc80                Options.paranoid_file_checks: 0
2022/06/26-10:27:32.701066 7f783cc9bc80                Options.force_consistency_checks: 1
2022/06/26-10:27:32.701067 7f783cc9bc80                Options.report_bg_io_stats: 0
2022/06/26-10:27:32.701067 7f783cc9bc80                               Options.ttl: 2592000
2022/06/26-10:27:32.701068 7f783cc9bc80          Options.periodic_compaction_seconds: 0
2022/06/26-10:27:32.701069 7f783cc9bc80                    Options.enable_blob_files: false
2022/06/26-10:27:32.701069 7f783cc9bc80                        Options.min_blob_size: 0
2022/06/26-10:27:32.701070 7f783cc9bc80                       Options.blob_file_size: 268435456
2022/06/26-10:27:32.701071 7f783cc9bc80                Options.blob_compression_type: NoCompression
2022/06/26-10:27:32.701071 7f783cc9bc80       Options.enable_blob_garbage_collection: false
2022/06/26-10:27:32.701072 7f783cc9bc80   Options.blob_garbage_collection_age_cutoff: 0.250000
2022/06/26-10:27:32.701670 7f783cc9bc80 [db/column_family.cc:595] --------------- Options for column family [RB]:
2022/06/26-10:27:32.701672 7f783cc9bc80               Options.comparator: leveldb.BytewiseComparator
2022/06/26-10:27:32.701672 7f783cc9bc80           Options.merge_operator: None
2022/06/26-10:27:32.701673 7f783cc9bc80        Options.compaction_filter: filter_outdated
2022/06/26-10:27:32.701674 7f783cc9bc80        Options.compaction_filter_factory: None
2022/06/26-10:27:32.701675 7f783cc9bc80  Options.sst_partitioner_factory: None
2022/06/26-10:27:32.701675 7f783cc9bc80         Options.memtable_factory: SkipListFactory
2022/06/26-10:27:32.701676 7f783cc9bc80            Options.table_factory: BlockBasedTable
2022/06/26-10:27:32.701692 7f783cc9bc80            table_factory options:   flush_block_policy_factory: FlushBlockBySizePolicyFactory (0x55c9cd86f360)
  cache_index_and_filter_blocks: 0
  cache_index_and_filter_blocks_with_high_priority: 1
  pin_l0_filter_and_index_blocks_in_cache: 0
  pin_top_level_index_and_filter: 1
  index_type: 0
  data_block_index_type: 0
  index_shortening: 1
  data_block_hash_table_util_ratio: 0.750000
  hash_index_allow_collision: 1
  checksum: 1
  no_block_cache: 0
  block_cache: 0x55c9cd86f3b0
  block_cache_name: LRUCache
  block_cache_options:
    capacity : 8388608
    num_shard_bits : 4
    strict_capacity_limit : 0
    memory_allocator : None
    high_pri_pool_ratio: 0.000
  block_cache_compressed: (nil)
  persistent_cache: (nil)
  block_size: 4096
  block_size_deviation: 10
  block_restart_interval: 16
  index_block_restart_interval: 1
  metadata_block_size: 4096
  partition_filters: 0
  use_delta_encoding: 1
  filter_policy: nullptr
  whole_key_filtering: 1
  verify_compression: 0
  read_amp_bytes_per_bit: 0
  format_version: 4
  enable_index_compression: 1
  block_align: 0
2022/06/26-10:27:32.701696 7f783cc9bc80        Options.write_buffer_size: 67108864
2022/06/26-10:27:32.701697 7f783cc9bc80  Options.max_write_buffer_number: 2
2022/06/26-10:27:32.701697 7f783cc9bc80          Options.compression: NoCompression
2022/06/26-10:27:32.701706 7f783cc9bc80                  Options.bottommost_compression: Disabled
2022/06/26-10:27:32.701707 7f783cc9bc80       Options.prefix_extractor: nullptr
2022/06/26-10:27:32.701708 7f783cc9bc80   Options.memtable_insert_with_hint_prefix_extractor: nullptr
2022/06/26-10:27:32.701708 7f783cc9bc80             Options.num_levels: 7
2022/06/26-10:27:32.701709 7f783cc9bc80        Options.min_write_buffer_number_to_merge: 1
2022/06/26-10:27:32.701710 7f783cc9bc80     Options.max_write_buffer_number_to_maintain: 0
2022/06/26-10:27:32.701710 7f783cc9bc80     Options.max_write_buffer_size_to_maintain: 0
2022/06/26-10:27:32.701711 7f783cc9bc80            Options.bottommost_compression_opts.window_bits: -14
2022/06/26-10:27:32.701711 7f783cc9bc80                  Options.bottommost_compression_opts.level: 32767
2022/06/26-10:27:32.701712 7f783cc9bc80               Options.bottommost_compression_opts.strategy: 0
2022/06/26-10:27:32.701713 7f783cc9bc80         Options.bottommost_compression_opts.max_dict_bytes: 0
2022/06/26-10:27:32.701713 7f783cc9bc80         Options.bottommost_compression_opts.zstd_max_train_bytes: 0
2022/06/26-10:27:32.701714 7f783cc9bc80         Options.bottommost_compression_opts.parallel_threads: 1
2022/06/26-10:27:32.701715 7f783cc9bc80                  Options.bottommost_compression_opts.enabled: false
2022/06/26-10:27:32.701715 7f783cc9bc80            Options.compression_opts.window_bits: -14
2022/06/26-10:27:32.701716 7f783cc9bc80                  Options.compression_opts.level: 32767
2022/06/26-10:27:32.701716 7f783cc9bc80               Options.compression_opts.strategy: 0
2022/06/26-10:27:32.701717 7f783cc9bc80         Options.compression_opts.max_dict_bytes: 0
2022/06/26-10:27:32.701718 7f783cc9bc80         Options.compression_opts.zstd_max_train_bytes: 0
2022/06/26-10:27:32.701718 7f783cc9bc80         Options.compression_opts.parallel_threads: 1
2022/06/26-10:27:32.701719 7f783cc9bc80                  Options.compression_opts.enabled: false
2022/06/26-10:27:32.701719 7f783cc9bc80      Options.level0_file_num_compaction_trigger: 4
2022/06/26-10:27:32.701720 7f783cc9bc80          Options.level0_slowdown_writes_trigger: 20
2022/06/26-10:27:32.701721 7f783cc9bc80              Options.level0_stop_writes_trigger: 36
2022/06/26-10:27:32.701721 7f783cc9bc80                   Options.target_file_size_base: 67108864
2022/06/26-10:27:32.701722 7f783cc9bc80             Options.target_file_size_multiplier: 1
2022/06/26-10:27:32.701723 7f783cc9bc80                Options.max_bytes_for_level_base: 268435456
2022/06/26-10:27:32.701723 7f783cc9bc80 Options.level_compaction_dynamic_level_bytes: 0
2022/06/26-10:27:32.701724 7f783cc9bc80          Options.max_bytes_for_level_multiplier: 10.000000
2022/06/26-10:27:32.701725 7f783cc9bc80 Options.max_bytes_for_level_multiplier_addtl[0]: 1
2022/06/26-10:27:32.701726 7f783cc9bc80 Options.max_bytes_for_level_multiplier_addtl[1]: 1
2022/06/26-10:27:32.701727 7f783cc9bc80 Options.max_bytes_for_level_multiplier_addtl[2]: 1
2022/06/26-10:27:32.701727 7f783cc9bc80 Options.max_bytes_for_level_multiplier_addtl[3]: 1
2022/06/26-10:27:32.701728 7f783cc9bc80 Options.max_bytes_for_level_multiplier_addtl[4]: 1
2022/06/26-10:27:32.701728 7f783cc9bc80 Options.max_bytes_for_level_multiplier_addtl[5]: 1
2022/06/26-10:27:32.701729 7f783cc9bc80 Options.max_bytes_for_level_multiplier_addtl[6]: 1
2022/06/26-10:27:32.701730 7f783cc9bc80       Options.max_sequential_skip_in_iterations: 8
2022/06/26-10:27:32.701730 7f783cc9bc80                    Options.max_compaction_bytes: 1677721600
2022/06/26-10:27:32.701731 7f783cc9bc80                        Options.arena_block_size: 8388608
2022/06/26-10:27:32.701732 7f783cc9bc80   Options.soft_pending_compaction_bytes_limit: 68719476736
2022/06/26-10:27:32.701732 7f783cc9bc80   Options.hard_pending_compaction_bytes_limit: 274877906944
2022/06/26-10:27:32.701733 7f783cc9bc80       Options.rate_limit_delay_max_milliseconds: 100
2022/06/26-10:27:32.701733 7f783cc9bc80                Options.disable_auto_compactions: 1
2022/06/26-10:27:32.701739 7f783cc9bc80                        Options.compaction_style: kCompactionStyleLevel
2022/06/26-10:27:32.701740 7f783cc9bc80                          Options.compaction_pri: kMinOverlappingRatio
2022/06/26-10:27:32.701740 7f783cc9bc80 Options.compaction_options_universal.size_ratio: 1
2022/06/26-10:27:32.701741 7f783cc9bc80 Options.compaction_options_universal.min_merge_width: 2
2022/06/26-10:27:32.701741 7f783cc9bc80 Options.compaction_options_universal.max_merge_width: 4294967295
2022/06/26-10:27:32.701742 7f783cc9bc80 Options.compaction_options_universal.max_size_amplification_percent: 200
2022/06/26-10:27:32.701743 7f783cc9bc80 Options.compaction_options_universal.compression_size_percent: -1
2022/06/26-10:27:32.701743 7f783cc9bc80 Options.compaction_options_universal.stop_style: kCompactionStopStyleTotalSize
2022/06/26-10:27:32.701744 7f783cc9bc80 Options.compaction_options_fifo.max_table_files_size: 1073741824
2022/06/26-10:27:32.701745 7f783cc9bc80 Options.compaction_options_fifo.allow_compaction: 0
2022/06/26-10:27:32.701746 7f783cc9bc80                   Options.table_properties_collectors: 
2022/06/26-10:27:32.701747 7f783cc9bc80                   Options.inplace_update_support: 0
2022/06/26-10:27:32.701748 7f783cc9bc80                 Options.inplace_update_num_locks: 10000
2022/06/26-10:27:32.701748 7f783cc9bc80               Options.memtable_prefix_bloom_size_ratio: 0.000000
2022/06/26-10:27:32.701749 7f783cc9bc80               Options.memtable_whole_key_filtering: 0
2022/06/26-10:27:32.701750 7f783cc9bc80   Options.memtable_huge_page_size: 0
2022/06/26-10:27:32.701751 7f783cc9bc80                           Options.bloom_locality: 0
2022/06/26-10:27:32.701751 7f783cc9bc80                    Options.max_successive_merges: 0
2022/06/26-10:27:32.701752 7f783cc9bc80                Options.optimize_filters_for_hits: 0
2022/06/26-10:27:32.701752 7f783cc9bc80                Options.paranoid_file_checks: 0
2022/06/26-10:27:32.701753 7f783cc9bc80                Options.force_consistency_checks: 1
2022/06/26-10:27:32.701754 7f783cc9bc80                Options.report_bg_io_stats: 0
2022/06/26-10:27:32.701754 7f783cc9bc80                               Options.ttl: 2592000
2022/06/26-10:27:32.701755 7f783cc9bc80          Options.periodic_compaction_seconds: 2592000
2022/06/26-10:27:32.701755 7f783cc9bc80                    Options.enable_blob_files: false
2022/06/26-10:27:32.701756 7f783cc9bc80                        Options.min_blob_size: 0
2022/06/26-10:27:32.701757 7f783cc9bc80                       Options.blob_file_size: 268435456
2022/06/26-10:27:32.701757 7f783cc9bc80                Options.blob_compression_type: NoCompression
2022/06/26-10:27:32.701758 7f783cc9bc80       Options.enable_blob_garbage_collection: false
2022/06/26-10:27:32.701759 7f783cc9bc80   Options.blob_garbage_collection_age_cutoff: 0.250000
2022/06/26-10:27:32.701792 7f783cc9bc80 [db/column_family.cc:595] --------------- Options for column family [FZ]:
2022/06/26-10:27:32.701794 7f783cc9bc80               Options.comparator: leveldb.BytewiseComparator
2022/06/26-10:27:32.701794 7f783cc9bc80           Options.merge_operator: None
2022/06/26-10:27:32.701795 7f783cc9bc80        Options.compaction_filter: filter_outdated
2022/06/26-10:27:32.701796 7f783cc9bc80        Options.compaction_filter_factory: None
2022/06/26-10:27:32.701796 7f783cc9bc80  Options.sst_partitioner_factory: None
2022/06/26-10:27:32.701797 7f783cc9bc80         Options.memtable_factory: SkipListFactory
2022/06/26-10:27:32.701798 7f783cc9bc80            Options.table_factory: BlockBasedTable
2022/06/26-10:27:32.701809 7f783cc9bc80            table_factory options:   flush_block_policy_factory: FlushBlockBySizePolicyFactory (0x55c9cd871610)
  cache_index_and_filter_blocks: 0
  cache_index_and_filter_blocks_with_high_priority: 1
  pin_l0_filter_and_index_blocks_in_cache: 0
  pin_top_level_index_and_filter: 1
  index_type: 0
  data_block_index_type: 0
  index_shortening: 1
  data_block_hash_table_util_ratio: 0.750000
  hash_index_allow_collision: 1
  checksum: 1
  no_block_cache: 0
  block_cache: 0x55c9cd871660
  block_cache_name: LRUCache
  block_cache_options:
    capacity : 8388608
    num_shard_bits : 4
    strict_capacity_limit : 0
    memory_allocator : None
    high_pri_pool_ratio: 0.000
  block_cache_compressed: (nil)
  persistent_cache: (nil)
  block_size: 4096
  block_size_deviation: 10
  block_restart_interval: 16
  index_block_restart_interval: 1
  metadata_block_size: 4096
  partition_filters: 0
  use_delta_encoding: 1
  filter_policy: nullptr
  whole_key_filtering: 1
  verify_compression: 0
  read_amp_bytes_per_bit: 0
  format_version: 4
  enable_index_compression: 1
  block_align: 0
2022/06/26-10:27:32.701818 7f783cc9bc80        Options.write_buffer_size: 67108864
2022/06/26-10:27:32.701819 7f783cc9bc80  Options.max_write_buffer_number: 2
2022/06/26-10:27:32.701819 7f783cc9bc80          Options.compression: NoCompression
2022/06/26-10:27:32.701820 7f783cc9bc80                  Options.bottommost_compression: Disabled
2022/06/26-10:27:32.701821 7f783cc9bc80       Options.prefix_extractor: nullptr
2022/06/26-10:27:32.701821 7f783cc9bc80   Options.memtable_insert_with_hint_prefix_extractor: nullptr
2022/06/26-10:27:32.701822 7f783cc9bc80             Options.num_levels: 7
2022/06/26-10:27:32.701822 7f783cc9bc80        Options.min_write_buffer_number_to_merge: 1
2022/06/26-10:27:32.701823 7f783cc9bc80     Options.max_write_buffer_number_to_maintain: 0
2022/06/26-10:27:32.701824 7f783cc9bc80     Options.max_write_buffer_size_to_maintain: 0
2022/06/26-10:27:32.701824 7f783cc9bc80            Options.bottommost_compression_opts.window_bits: -14
2022/06/26-10:27:32.701825 7f783cc9bc80                  Options.bottommost_compression_opts.level: 32767
2022/06/26-10:27:32.701826 7f783cc9bc80               Options.bottommost_compression_opts.strategy: 0
2022/06/26-10:27:32.701826 7f783cc9bc80         Options.bottommost_compression_opts.max_dict_bytes: 0
2022/06/26-10:27:32.701827 7f783cc9bc80         Options.bottommost_compression_opts.zstd_max_train_bytes: 0
2022/06/26-10:27:32.701827 7f783cc9bc80         Options.bottommost_compression_opts.parallel_threads: 1
2022/06/26-10:27:32.701828 7f783cc9bc80                  Options.bottommost_compression_opts.enabled: false
2022/06/26-10:27:32.701829 7f783cc9bc80            Options.compression_opts.window_bits: -14
2022/06/26-10:27:32.701829 7f783cc9bc80                  Options.compression_opts.level: 32767
2022/06/26-10:27:32.701830 7f783cc9bc80               Options.compression_opts.strategy: 0
2022/06/26-10:27:32.701830 7f783cc9bc80         Options.compression_opts.max_dict_bytes: 0
2022/06/26-10:27:32.701831 7f783cc9bc80         Options.compression_opts.zstd_max_train_bytes: 0
2022/06/26-10:27:32.701832 7f783cc9bc80         Options.compression_opts.parallel_threads: 1
2022/06/26-10:27:32.701832 7f783cc9bc80                  Options.compression_opts.enabled: false
2022/06/26-10:27:32.701833 7f783cc9bc80      Options.level0_file_num_compaction_trigger: 4
2022/06/26-10:27:32.701833 7f783cc9bc80          Options.level0_slowdown_writes_trigger: 20
2022/06/26-10:27:32.701834 7f783cc9bc80              Options.level0_stop_writes_trigger: 36
2022/06/26-10:27:32.701835 7f783cc9bc80                   Options.target_file_size_base: 67108864
2022/06/26-10:27:32.701835 7f783cc9bc80             Options.target_file_size_multiplier: 1
2022/06/26-10:27:32.701836 7f783cc9bc80                Options.max_bytes_for_level_base: 268435456
2022/06/26-10:27:32.701837 7f783cc9bc80 Options.level_compaction_dynamic_level_bytes: 0
2022/06/26-10:27:32.701837 7f783cc9bc80          Options.max_bytes_for_level_multiplier: 10.000000
2022/06/26-10:27:32.701838 7f783cc9bc80 Options.max_bytes_for_level_multiplier_addtl[0]: 1
2022/06/26-10:27:32.701839 7f783cc9bc80 Options.max_bytes_for_level_multiplier_addtl[1]: 1
2022/06/26-10:27:32.701840 7f783cc9bc80 Options.max_bytes_for_level_multiplier_addtl[2]: 1
2022/06/26-10:27:32.701840 7f783cc9bc80 Options.max_bytes_for_level_multiplier_addtl[3]: 1
2022/06/26-10:27:32.701841 7f783cc9bc80 Options.max_bytes_for_level_multiplier_addtl[4]: 1
2022/06/26-10:27:32.701847 7f783cc9bc80 Options.max_bytes_for_level_multiplier_addtl[5]: 1
2022/06/26-10:27:32.701848 7f783cc9bc80 Options.max_bytes_for_level_multiplier_addtl[6]: 1
2022/06/26-10:27:32.701849 7f783cc9bc80       Options.max_sequential_skip_in_iterations: 8
2022/06/26-10:27:32.701849 7f783cc9bc80                    Options.max_compaction_bytes: 1677721600
2022/06/26-10:27:32.701850 7f783cc9bc80                        Options.arena_block_size: 8388608
2022/06/26-10:27:32.701851 7f783cc9bc80   Options.soft_pending_compaction_bytes_limit: 68719476736
2022/06/26-10:27:32.701851 7f783cc9bc80   Options.hard_pending_compaction_bytes_limit: 274877906944
2022/06/26-10:27:32.701852 7f783cc9bc80       Options.rate_limit_delay_max_milliseconds: 100
2022/06/26-10:27:32.701852 7f783cc9bc80                Options.disable_auto_compactions: 1
2022/06/26-10:27:32.701853 7f783cc9bc80                        Options.compaction_style: kCompactionStyleLevel
2022/06/26-10:27:32.701854 7f783cc9bc80                          Options.compaction_pri: kMinOverlappingRatio
2022/06/26-10:27:32.701854 7f783cc9bc80 Options.compaction_options_universal.size_ratio: 1
2022/06/26-10:27:32.701855 7f783cc9bc80 Options.compaction_options_universal.min_merge_width: 2
2022/06/26-10:27:32.701856 7f783cc9bc80 Options.compaction_options_universal.max_merge_width: 4294967295
2022/06/26-10:27:32.701856 7f783cc9bc80 Options.compaction_options_universal.max_size_amplification_percent: 200
2022/06/26-10:27:32.701857 7f783cc9bc80 Options.compaction_options_universal.compression_size_percent: -1
2022/06/26-10:27:32.701858 7f783cc9bc80 Options.compaction_options_universal.stop_style: kCompactionStopStyleTotalSize
2022/06/26-10:27:32.701858 7f783cc9bc80 Options.compaction_options_fifo.max_table_files_size: 1073741824
2022/06/26-10:27:32.701859 7f783cc9bc80 Options.compaction_options_fifo.allow_compaction: 0
2022/06/26-10:27:32.701860 7f783cc9bc80                   Options.table_properties_collectors: 
2022/06/26-10:27:32.701861 7f783cc9bc80                   Options.inplace_update_support: 0
2022/06/26-10:27:32.701862 7f783cc9bc80                 Options.inplace_update_num_locks: 10000
2022/06/26-10:27:32.701862 7f783cc9bc80               Options.memtable_prefix_bloom_size_ratio: 0.000000
2022/06/26-10:27:32.701863 7f783cc9bc80               Options.memtable_whole_key_filtering: 0
2022/06/26-10:27:32.701864 7f783cc9bc80   Options.memtable_huge_page_size: 0
2022/06/26-10:27:32.701864 7f783cc9bc80                           Options.bloom_locality: 0
2022/06/26-10:27:32.701865 7f783cc9bc80                    Options.max_successive_merges: 0
2022/06/26-10:27:32.701866 7f783cc9bc80                Options.optimize_filters_for_hits: 0
2022/06/26-10:27:32.701866 7f783cc9bc80                Options.paranoid_file_checks: 0
2022/06/26-10:27:32.701867 7f783cc9bc80                Options.force_consistency_checks: 1
2022/06/26-10:27:32.701867 7f783cc9bc80                Options.report_bg_io_stats: 0
2022/06/26-10:27:32.701868 7f783cc9bc80                               Options.ttl: 2592000
2022/06/26-10:27:32.701869 7f783cc9bc80          Options.periodic_compaction_seconds: 2592000
2022/06/26-10:27:32.701869 7f783cc9bc80                    Options.enable_blob_files: false
2022/06/26-10:27:32.701870 7f783cc9bc80                        Options.min_blob_size: 0
2022/06/26-10:27:32.701870 7f783cc9bc80                       Options.blob_file_size: 268435456
2022/06/26-10:27:32.701871 7f783cc9bc80                Options.blob_compression_type: NoCompression
2022/06/26-10:27:32.701872 7f783cc9bc80       Options.enable_blob_garbage_collection: false
2022/06/26-10:27:32.701872 7f783cc9bc80   Options.blob_garbage_collection_age_cutoff: 0.250000
2022/06/26-10:27:32.701900 7f783cc9bc80 [db/column_family.cc:595] --------------- Options for column family [NZ]:
2022/06/26-10:27:32.701901 7f783cc9bc80               Options.comparator: leveldb.BytewiseComparator
2022/06/26-10:27:32.701902 7f783cc9bc80           Options.merge_operator: None
2022/06/26-10:27:32.701910 7f783cc9bc80        Options.compaction_filter: filter_outdated
2022/06/26-10:27:32.701910 7f783cc9bc80        Options.compaction_filter_factory: None
2022/06/26-10:27:32.701911 7f783cc9bc80  Options.sst_partitioner_factory: None
2022/06/26-10:27:32.701912 7f783cc9bc80         Options.memtable_factory: SkipListFactory
2022/06/26-10:27:32.701912 7f783cc9bc80            Options.table_factory: BlockBasedTable
2022/06/26-10:27:32.701925 7f783cc9bc80            table_factory options:   flush_block_policy_factory: FlushBlockBySizePolicyFactory (0x55c9cd8738a0)
  cache_index_and_filter_blocks: 0
  cache_index_and_filter_blocks_with_high_priority: 1
  pin_l0_filter_and_index_blocks_in_cache: 0
  pin_top_level_index_and_filter: 1
  index_type: 0
  data_block_index_type: 0
  index_shortening: 1
  data_block_hash_table_util_ratio: 0.750000
  hash_index_allow_collision: 1
  checksum: 1
  no_block_cache: 0
  block_cache: 0x55c9cd8738f0
  block_cache_name: LRUCache
  block_cache_options:
    capacity : 8388608
    num_shard_bits : 4
    strict_capacity_limit : 0
    memory_allocator : None
    high_pri_pool_ratio: 0.000
  block_cache_compressed: (nil)
  persistent_cache: (nil)
  block_size: 4096
  block_size_deviation: 10
  block_restart_interval: 16
  index_block_restart_interval: 1
  metadata_block_size: 4096
  partition_filters: 0
  use_delta_encoding: 1
  filter_policy: nullptr
  whole_key_filtering: 1
  verify_compression: 0
  read_amp_bytes_per_bit: 0
  format_version: 4
  enable_index_compression: 1
  block_align: 0
2022/06/26-10:27:32.701931 7f783cc9bc80        Options.write_buffer_size: 67108864
2022/06/26-10:27:32.701932 7f783cc9bc80  Options.max_write_buffer_number: 2
2022/06/26-10:27:32.701933 7f783cc9bc80          Options.compression: NoCompression
2022/06/26-10:27:32.701933 7f783cc9bc80                  Options.bottommost_compression: Disabled
2022/06/26-10:27:32.701934 7f783cc9bc80       Options.prefix_extractor: nullptr
2022/06/26-10:27:32.701935 7f783cc9bc80   Options.memtable_insert_with_hint_prefix_extractor: nullptr
2022/06/26-10:27:32.701935 7f783cc9bc80             Options.num_levels: 7
2022/06/26-10:27:32.701936 7f783cc9bc80        Options.min_write_buffer_number_to_merge: 1
2022/06/26-10:27:32.701936 7f783cc9bc80     Options.max_write_buffer_number_to_maintain: 0
2022/06/26-10:27:32.701937 7f783cc9bc80     Options.max_write_buffer_size_to_maintain: 0
2022/06/26-10:27:32.701938 7f783cc9bc80            Options.bottommost_compression_opts.window_bits: -14
2022/06/26-10:27:32.701938 7f783cc9bc80                  Options.bottommost_compression_opts.level: 32767
2022/06/26-10:27:32.701939 7f783cc9bc80               Options.bottommost_compression_opts.strategy: 0
2022/06/26-10:27:32.701939 7f783cc9bc80         Options.bottommost_compression_opts.max_dict_bytes: 0
2022/06/26-10:27:32.701940 7f783cc9bc80         Options.bottommost_compression_opts.zstd_max_train_bytes: 0
2022/06/26-10:27:32.701941 7f783cc9bc80         Options.bottommost_compression_opts.parallel_threads: 1
