2022/06/25-12:35:26.912964 7f419493dc80 RocksDB version: 6.17.0
2022/06/25-12:35:26.913036 7f419493dc80 Git sha 0
2022/06/25-12:35:26.913075 7f419493dc80 DB SUMMARY
2022/06/25-12:35:26.913076 7f419493dc80 DB Session ID:  0G3EW7TY8D7BWN8WC5TG
2022/06/25-12:35:26.913095 7f419493dc80 SST files in /home/alula/Downloads/dfxproject1/chang3/.dfx/state/replicated_state/node-100/ic_consensus_pool/consensus dir, Total Num: 0, files: 
2022/06/25-12:35:26.913097 7f419493dc80 Write Ahead Log file in /home/alula/Downloads/dfxproject1/chang3/.dfx/state/replicated_state/node-100/ic_consensus_pool/consensus: 
2022/06/25-12:35:26.913098 7f419493dc80                         Options.error_if_exists: 0
2022/06/25-12:35:26.913099 7f419493dc80                       Options.create_if_missing: 1
2022/06/25-12:35:26.913099 7f419493dc80                         Options.paranoid_checks: 1
2022/06/25-12:35:26.913100 7f419493dc80                               Options.track_and_verify_wals_in_manifest: 0
2022/06/25-12:35:26.913101 7f419493dc80                                     Options.env: 0x56357558a920
2022/06/25-12:35:26.913102 7f419493dc80                                      Options.fs: Posix File System
2022/06/25-12:35:26.913103 7f419493dc80                                Options.info_log: 0x5635b9661530
2022/06/25-12:35:26.913103 7f419493dc80                Options.max_file_opening_threads: 16
2022/06/25-12:35:26.913104 7f419493dc80                              Options.statistics: (nil)
2022/06/25-12:35:26.913105 7f419493dc80                               Options.use_fsync: 1
2022/06/25-12:35:26.913105 7f419493dc80                       Options.max_log_file_size: 0
2022/06/25-12:35:26.913106 7f419493dc80                  Options.max_manifest_file_size: 1073741824
2022/06/25-12:35:26.913107 7f419493dc80                   Options.log_file_time_to_roll: 0
2022/06/25-12:35:26.913107 7f419493dc80                       Options.keep_log_file_num: 1000
2022/06/25-12:35:26.913108 7f419493dc80                    Options.recycle_log_file_num: 0
2022/06/25-12:35:26.913109 7f419493dc80                         Options.allow_fallocate: 1
2022/06/25-12:35:26.913109 7f419493dc80                        Options.allow_mmap_reads: 0
2022/06/25-12:35:26.913110 7f419493dc80                       Options.allow_mmap_writes: 0
2022/06/25-12:35:26.913110 7f419493dc80                        Options.use_direct_reads: 0
2022/06/25-12:35:26.913111 7f419493dc80                        Options.use_direct_io_for_flush_and_compaction: 0
2022/06/25-12:35:26.913112 7f419493dc80          Options.create_missing_column_families: 1
2022/06/25-12:35:26.913112 7f419493dc80                              Options.db_log_dir: 
2022/06/25-12:35:26.913113 7f419493dc80                                 Options.wal_dir: /home/alula/Downloads/dfxproject1/chang3/.dfx/state/replicated_state/node-100/ic_consensus_pool/consensus
2022/06/25-12:35:26.913114 7f419493dc80                Options.table_cache_numshardbits: 6
2022/06/25-12:35:26.913114 7f419493dc80                         Options.WAL_ttl_seconds: 0
2022/06/25-12:35:26.913115 7f419493dc80                       Options.WAL_size_limit_MB: 0
2022/06/25-12:35:26.913116 7f419493dc80                        Options.max_write_batch_group_size_bytes: 1048576
2022/06/25-12:35:26.913116 7f419493dc80             Options.manifest_preallocation_size: 4194304
2022/06/25-12:35:26.913117 7f419493dc80                     Options.is_fd_close_on_exec: 1
2022/06/25-12:35:26.913118 7f419493dc80                   Options.advise_random_on_open: 1
2022/06/25-12:35:26.913118 7f419493dc80                    Options.db_write_buffer_size: 0
2022/06/25-12:35:26.913119 7f419493dc80                    Options.write_buffer_manager: 0x5635b9661920
2022/06/25-12:35:26.913119 7f419493dc80         Options.access_hint_on_compaction_start: 1
2022/06/25-12:35:26.913120 7f419493dc80  Options.new_table_reader_for_compaction_inputs: 0
2022/06/25-12:35:26.913121 7f419493dc80           Options.random_access_max_buffer_size: 1048576
2022/06/25-12:35:26.913121 7f419493dc80                      Options.use_adaptive_mutex: 0
2022/06/25-12:35:26.913122 7f419493dc80                            Options.rate_limiter: (nil)
2022/06/25-12:35:26.913131 7f419493dc80     Options.sst_file_manager.rate_bytes_per_sec: 0
2022/06/25-12:35:26.913132 7f419493dc80                       Options.wal_recovery_mode: 2
2022/06/25-12:35:26.913132 7f419493dc80                  Options.enable_thread_tracking: 0
2022/06/25-12:35:26.913133 7f419493dc80                  Options.enable_pipelined_write: 0
2022/06/25-12:35:26.913134 7f419493dc80                  Options.unordered_write: 0
2022/06/25-12:35:26.913134 7f419493dc80         Options.allow_concurrent_memtable_write: 1
2022/06/25-12:35:26.913135 7f419493dc80      Options.enable_write_thread_adaptive_yield: 1
2022/06/25-12:35:26.913135 7f419493dc80             Options.write_thread_max_yield_usec: 100
2022/06/25-12:35:26.913136 7f419493dc80            Options.write_thread_slow_yield_usec: 3
2022/06/25-12:35:26.913137 7f419493dc80                               Options.row_cache: None
2022/06/25-12:35:26.913137 7f419493dc80                              Options.wal_filter: None
2022/06/25-12:35:26.913139 7f419493dc80             Options.avoid_flush_during_recovery: 0
2022/06/25-12:35:26.913139 7f419493dc80             Options.allow_ingest_behind: 0
2022/06/25-12:35:26.913140 7f419493dc80             Options.preserve_deletes: 0
2022/06/25-12:35:26.913141 7f419493dc80             Options.two_write_queues: 0
2022/06/25-12:35:26.913141 7f419493dc80             Options.manual_wal_flush: 0
2022/06/25-12:35:26.913142 7f419493dc80             Options.atomic_flush: 0
2022/06/25-12:35:26.913142 7f419493dc80             Options.avoid_unnecessary_blocking_io: 0
2022/06/25-12:35:26.913143 7f419493dc80                 Options.persist_stats_to_disk: 0
2022/06/25-12:35:26.913144 7f419493dc80                 Options.write_dbid_to_manifest: 0
2022/06/25-12:35:26.913144 7f419493dc80                 Options.log_readahead_size: 0
2022/06/25-12:35:26.913145 7f419493dc80                 Options.file_checksum_gen_factory: Unknown
2022/06/25-12:35:26.913146 7f419493dc80                 Options.best_efforts_recovery: 0
2022/06/25-12:35:26.913147 7f419493dc80                Options.max_bgerror_resume_count: 2147483647
2022/06/25-12:35:26.913147 7f419493dc80            Options.bgerror_resume_retry_interval: 1000000
2022/06/25-12:35:26.913148 7f419493dc80             Options.allow_data_in_errors: 0
2022/06/25-12:35:26.913148 7f419493dc80             Options.db_host_id: __hostname__
2022/06/25-12:35:26.913149 7f419493dc80             Options.max_background_jobs: 2
2022/06/25-12:35:26.913150 7f419493dc80             Options.max_background_compactions: -1
2022/06/25-12:35:26.913150 7f419493dc80             Options.max_subcompactions: 1
2022/06/25-12:35:26.913151 7f419493dc80             Options.avoid_flush_during_shutdown: 0
2022/06/25-12:35:26.913152 7f419493dc80           Options.writable_file_max_buffer_size: 1048576
2022/06/25-12:35:26.913152 7f419493dc80             Options.delayed_write_rate : 16777216
2022/06/25-12:35:26.913153 7f419493dc80             Options.max_total_wal_size: 0
2022/06/25-12:35:26.913154 7f419493dc80             Options.delete_obsolete_files_period_micros: 21600000000
2022/06/25-12:35:26.913154 7f419493dc80                   Options.stats_dump_period_sec: 600
2022/06/25-12:35:26.913155 7f419493dc80                 Options.stats_persist_period_sec: 600
2022/06/25-12:35:26.913155 7f419493dc80                 Options.stats_history_buffer_size: 1048576
2022/06/25-12:35:26.913156 7f419493dc80                          Options.max_open_files: -1
2022/06/25-12:35:26.913157 7f419493dc80                          Options.bytes_per_sync: 0
2022/06/25-12:35:26.913157 7f419493dc80                      Options.wal_bytes_per_sync: 0
2022/06/25-12:35:26.913158 7f419493dc80                   Options.strict_bytes_per_sync: 0
2022/06/25-12:35:26.913159 7f419493dc80       Options.compaction_readahead_size: 0
2022/06/25-12:35:26.913159 7f419493dc80                  Options.max_background_flushes: -1
2022/06/25-12:35:26.913160 7f419493dc80 Compression algorithms supported:
2022/06/25-12:35:26.913161 7f419493dc80 	kZSTDNotFinalCompression supported: 1
2022/06/25-12:35:26.913169 7f419493dc80 	kZSTD supported: 1
2022/06/25-12:35:26.913170 7f419493dc80 	kXpressCompression supported: 0
2022/06/25-12:35:26.913171 7f419493dc80 	kLZ4HCCompression supported: 1
2022/06/25-12:35:26.913172 7f419493dc80 	kLZ4Compression supported: 1
2022/06/25-12:35:26.913172 7f419493dc80 	kBZip2Compression supported: 1
2022/06/25-12:35:26.913173 7f419493dc80 	kZlibCompression supported: 1
2022/06/25-12:35:26.913174 7f419493dc80 	kSnappyCompression supported: 1
2022/06/25-12:35:26.913175 7f419493dc80 Fast CRC32 supported: Supported on x86
2022/06/25-12:35:26.913999 7f419493dc80 [db/db_impl/db_impl_open.cc:283] Creating manifest 1 
2022/06/25-12:35:26.915824 7f419493dc80 [db/version_set.cc:4758] Recovering from manifest file: /home/alula/Downloads/dfxproject1/chang3/.dfx/state/replicated_state/node-100/ic_consensus_pool/consensus/MANIFEST-000001
2022/06/25-12:35:26.916241 7f419493dc80 [db/column_family.cc:595] --------------- Options for column family [default]:
2022/06/25-12:35:26.916244 7f419493dc80               Options.comparator: leveldb.BytewiseComparator
2022/06/25-12:35:26.916245 7f419493dc80           Options.merge_operator: None
2022/06/25-12:35:26.916246 7f419493dc80        Options.compaction_filter: None
2022/06/25-12:35:26.916247 7f419493dc80        Options.compaction_filter_factory: None
2022/06/25-12:35:26.916248 7f419493dc80  Options.sst_partitioner_factory: None
2022/06/25-12:35:26.916248 7f419493dc80         Options.memtable_factory: SkipListFactory
2022/06/25-12:35:26.916249 7f419493dc80            Options.table_factory: BlockBasedTable
2022/06/25-12:35:26.916276 7f419493dc80            table_factory options:   flush_block_policy_factory: FlushBlockBySizePolicyFactory (0x5635b965f150)
  cache_index_and_filter_blocks: 0
  cache_index_and_filter_blocks_with_high_priority: 1
  pin_l0_filter_and_index_blocks_in_cache: 0
  pin_top_level_index_and_filter: 1
  index_type: 0
  data_block_index_type: 0
  index_shortening: 1
  data_block_hash_table_util_ratio: 0.750000
  hash_index_allow_collision: 1
  checksum: 1
  no_block_cache: 0
  block_cache: 0x5635b965f1a0
  block_cache_name: LRUCache
  block_cache_options:
    capacity : 8388608
    num_shard_bits : 4
    strict_capacity_limit : 0
    memory_allocator : None
    high_pri_pool_ratio: 0.000
  block_cache_compressed: (nil)
  persistent_cache: (nil)
  block_size: 4096
  block_size_deviation: 10
  block_restart_interval: 16
  index_block_restart_interval: 1
  metadata_block_size: 4096
  partition_filters: 0
  use_delta_encoding: 1
  filter_policy: nullptr
  whole_key_filtering: 1
  verify_compression: 0
  read_amp_bytes_per_bit: 0
  format_version: 4
  enable_index_compression: 1
  block_align: 0
2022/06/25-12:35:26.916285 7f419493dc80        Options.write_buffer_size: 67108864
2022/06/25-12:35:26.916286 7f419493dc80  Options.max_write_buffer_number: 2
2022/06/25-12:35:26.916287 7f419493dc80          Options.compression: Snappy
2022/06/25-12:35:26.916288 7f419493dc80                  Options.bottommost_compression: Disabled
2022/06/25-12:35:26.916289 7f419493dc80       Options.prefix_extractor: nullptr
2022/06/25-12:35:26.916289 7f419493dc80   Options.memtable_insert_with_hint_prefix_extractor: nullptr
2022/06/25-12:35:26.916290 7f419493dc80             Options.num_levels: 7
2022/06/25-12:35:26.916291 7f419493dc80        Options.min_write_buffer_number_to_merge: 1
2022/06/25-12:35:26.916291 7f419493dc80     Options.max_write_buffer_number_to_maintain: 0
2022/06/25-12:35:26.916292 7f419493dc80     Options.max_write_buffer_size_to_maintain: 0
2022/06/25-12:35:26.916292 7f419493dc80            Options.bottommost_compression_opts.window_bits: -14
2022/06/25-12:35:26.916293 7f419493dc80                  Options.bottommost_compression_opts.level: 32767
2022/06/25-12:35:26.916294 7f419493dc80               Options.bottommost_compression_opts.strategy: 0
2022/06/25-12:35:26.916295 7f419493dc80         Options.bottommost_compression_opts.max_dict_bytes: 0
2022/06/25-12:35:26.916295 7f419493dc80         Options.bottommost_compression_opts.zstd_max_train_bytes: 0
2022/06/25-12:35:26.916310 7f419493dc80         Options.bottommost_compression_opts.parallel_threads: 1
2022/06/25-12:35:26.916311 7f419493dc80                  Options.bottommost_compression_opts.enabled: false
2022/06/25-12:35:26.916312 7f419493dc80            Options.compression_opts.window_bits: -14
2022/06/25-12:35:26.916312 7f419493dc80                  Options.compression_opts.level: 32767
2022/06/25-12:35:26.916313 7f419493dc80               Options.compression_opts.strategy: 0
2022/06/25-12:35:26.916314 7f419493dc80         Options.compression_opts.max_dict_bytes: 0
2022/06/25-12:35:26.916314 7f419493dc80         Options.compression_opts.zstd_max_train_bytes: 0
2022/06/25-12:35:26.916315 7f419493dc80         Options.compression_opts.parallel_threads: 1
2022/06/25-12:35:26.916316 7f419493dc80                  Options.compression_opts.enabled: false
2022/06/25-12:35:26.916316 7f419493dc80      Options.level0_file_num_compaction_trigger: 4
2022/06/25-12:35:26.916317 7f419493dc80          Options.level0_slowdown_writes_trigger: 20
2022/06/25-12:35:26.916317 7f419493dc80              Options.level0_stop_writes_trigger: 36
2022/06/25-12:35:26.916318 7f419493dc80                   Options.target_file_size_base: 67108864
2022/06/25-12:35:26.916319 7f419493dc80             Options.target_file_size_multiplier: 1
2022/06/25-12:35:26.916319 7f419493dc80                Options.max_bytes_for_level_base: 268435456
2022/06/25-12:35:26.916320 7f419493dc80 Options.level_compaction_dynamic_level_bytes: 0
2022/06/25-12:35:26.916321 7f419493dc80          Options.max_bytes_for_level_multiplier: 10.000000
2022/06/25-12:35:26.916322 7f419493dc80 Options.max_bytes_for_level_multiplier_addtl[0]: 1
2022/06/25-12:35:26.916323 7f419493dc80 Options.max_bytes_for_level_multiplier_addtl[1]: 1
2022/06/25-12:35:26.916324 7f419493dc80 Options.max_bytes_for_level_multiplier_addtl[2]: 1
2022/06/25-12:35:26.916324 7f419493dc80 Options.max_bytes_for_level_multiplier_addtl[3]: 1
2022/06/25-12:35:26.916325 7f419493dc80 Options.max_bytes_for_level_multiplier_addtl[4]: 1
2022/06/25-12:35:26.916325 7f419493dc80 Options.max_bytes_for_level_multiplier_addtl[5]: 1
2022/06/25-12:35:26.916326 7f419493dc80 Options.max_bytes_for_level_multiplier_addtl[6]: 1
2022/06/25-12:35:26.916327 7f419493dc80       Options.max_sequential_skip_in_iterations: 8
2022/06/25-12:35:26.916327 7f419493dc80                    Options.max_compaction_bytes: 1677721600
2022/06/25-12:35:26.916328 7f419493dc80                        Options.arena_block_size: 8388608
2022/06/25-12:35:26.916329 7f419493dc80   Options.soft_pending_compaction_bytes_limit: 68719476736
2022/06/25-12:35:26.916329 7f419493dc80   Options.hard_pending_compaction_bytes_limit: 274877906944
2022/06/25-12:35:26.916330 7f419493dc80       Options.rate_limit_delay_max_milliseconds: 100
2022/06/25-12:35:26.916331 7f419493dc80                Options.disable_auto_compactions: 0
2022/06/25-12:35:26.916333 7f419493dc80                        Options.compaction_style: kCompactionStyleLevel
2022/06/25-12:35:26.916334 7f419493dc80                          Options.compaction_pri: kMinOverlappingRatio
2022/06/25-12:35:26.916334 7f419493dc80 Options.compaction_options_universal.size_ratio: 1
2022/06/25-12:35:26.916335 7f419493dc80 Options.compaction_options_universal.min_merge_width: 2
2022/06/25-12:35:26.916336 7f419493dc80 Options.compaction_options_universal.max_merge_width: 4294967295
2022/06/25-12:35:26.916336 7f419493dc80 Options.compaction_options_universal.max_size_amplification_percent: 200
2022/06/25-12:35:26.916337 7f419493dc80 Options.compaction_options_universal.compression_size_percent: -1
2022/06/25-12:35:26.916338 7f419493dc80 Options.compaction_options_universal.stop_style: kCompactionStopStyleTotalSize
2022/06/25-12:35:26.916338 7f419493dc80 Options.compaction_options_fifo.max_table_files_size: 1073741824
2022/06/25-12:35:26.916339 7f419493dc80 Options.compaction_options_fifo.allow_compaction: 0
2022/06/25-12:35:26.916347 7f419493dc80                   Options.table_properties_collectors: 
2022/06/25-12:35:26.916353 7f419493dc80                   Options.inplace_update_support: 0
2022/06/25-12:35:26.916354 7f419493dc80                 Options.inplace_update_num_locks: 10000
2022/06/25-12:35:26.916355 7f419493dc80               Options.memtable_prefix_bloom_size_ratio: 0.000000
2022/06/25-12:35:26.916355 7f419493dc80               Options.memtable_whole_key_filtering: 0
2022/06/25-12:35:26.916356 7f419493dc80   Options.memtable_huge_page_size: 0
2022/06/25-12:35:26.916357 7f419493dc80                           Options.bloom_locality: 0
2022/06/25-12:35:26.916357 7f419493dc80                    Options.max_successive_merges: 0
2022/06/25-12:35:26.916358 7f419493dc80                Options.optimize_filters_for_hits: 0
2022/06/25-12:35:26.916359 7f419493dc80                Options.paranoid_file_checks: 0
2022/06/25-12:35:26.916359 7f419493dc80                Options.force_consistency_checks: 1
2022/06/25-12:35:26.916360 7f419493dc80                Options.report_bg_io_stats: 0
2022/06/25-12:35:26.916360 7f419493dc80                               Options.ttl: 2592000
2022/06/25-12:35:26.916361 7f419493dc80          Options.periodic_compaction_seconds: 0
2022/06/25-12:35:26.916362 7f419493dc80                    Options.enable_blob_files: false
2022/06/25-12:35:26.916362 7f419493dc80                        Options.min_blob_size: 0
2022/06/25-12:35:26.916363 7f419493dc80                       Options.blob_file_size: 268435456
2022/06/25-12:35:26.916364 7f419493dc80                Options.blob_compression_type: NoCompression
2022/06/25-12:35:26.916364 7f419493dc80       Options.enable_blob_garbage_collection: false
2022/06/25-12:35:26.916365 7f419493dc80   Options.blob_garbage_collection_age_cutoff: 0.250000
2022/06/25-12:35:26.916853 7f419493dc80 [db/version_set.cc:4798] Recovered from manifest file:/home/alula/Downloads/dfxproject1/chang3/.dfx/state/replicated_state/node-100/ic_consensus_pool/consensus/MANIFEST-000001 succeeded,manifest_file_number is 1, next_file_number is 3, last_sequence is 0, log_number is 0,prev_log_number is 0,max_column_family is 0,min_log_number_to_keep is 0
2022/06/25-12:35:26.916859 7f419493dc80 [db/version_set.cc:4813] Column family [default] (ID 0), log number is 0
2022/06/25-12:35:26.916939 7f419493dc80 [db/version_set.cc:4112] Creating manifest 3
2022/06/25-12:35:26.919650 7f419493dc80 [db/column_family.cc:595] --------------- Options for column family [RB]:
2022/06/25-12:35:26.919654 7f419493dc80               Options.comparator: leveldb.BytewiseComparator
2022/06/25-12:35:26.919655 7f419493dc80           Options.merge_operator: None
2022/06/25-12:35:26.919656 7f419493dc80        Options.compaction_filter: filter_outdated
2022/06/25-12:35:26.919657 7f419493dc80        Options.compaction_filter_factory: None
2022/06/25-12:35:26.919658 7f419493dc80  Options.sst_partitioner_factory: None
2022/06/25-12:35:26.919658 7f419493dc80         Options.memtable_factory: SkipListFactory
2022/06/25-12:35:26.919659 7f419493dc80            Options.table_factory: BlockBasedTable
2022/06/25-12:35:26.919677 7f419493dc80            table_factory options:   flush_block_policy_factory: FlushBlockBySizePolicyFactory (0x5635b9645350)
  cache_index_and_filter_blocks: 0
  cache_index_and_filter_blocks_with_high_priority: 1
  pin_l0_filter_and_index_blocks_in_cache: 0
  pin_top_level_index_and_filter: 1
  index_type: 0
  data_block_index_type: 0
  index_shortening: 1
  data_block_hash_table_util_ratio: 0.750000
  hash_index_allow_collision: 1
  checksum: 1
  no_block_cache: 0
  block_cache: 0x5635b96453a0
  block_cache_name: LRUCache
  block_cache_options:
    capacity : 8388608
    num_shard_bits : 4
    strict_capacity_limit : 0
    memory_allocator : None
    high_pri_pool_ratio: 0.000
  block_cache_compressed: (nil)
  persistent_cache: (nil)
  block_size: 4096
  block_size_deviation: 10
  block_restart_interval: 16
  index_block_restart_interval: 1
  metadata_block_size: 4096
  partition_filters: 0
  use_delta_encoding: 1
  filter_policy: nullptr
  whole_key_filtering: 1
  verify_compression: 0
  read_amp_bytes_per_bit: 0
  format_version: 4
  enable_index_compression: 1
  block_align: 0
2022/06/25-12:35:26.919679 7f419493dc80        Options.write_buffer_size: 67108864
2022/06/25-12:35:26.919680 7f419493dc80  Options.max_write_buffer_number: 2
2022/06/25-12:35:26.919681 7f419493dc80          Options.compression: NoCompression
2022/06/25-12:35:26.919681 7f419493dc80                  Options.bottommost_compression: Disabled
2022/06/25-12:35:26.919682 7f419493dc80       Options.prefix_extractor: nullptr
2022/06/25-12:35:26.919683 7f419493dc80   Options.memtable_insert_with_hint_prefix_extractor: nullptr
2022/06/25-12:35:26.919683 7f419493dc80             Options.num_levels: 7
2022/06/25-12:35:26.919684 7f419493dc80        Options.min_write_buffer_number_to_merge: 1
2022/06/25-12:35:26.919685 7f419493dc80     Options.max_write_buffer_number_to_maintain: 0
2022/06/25-12:35:26.919685 7f419493dc80     Options.max_write_buffer_size_to_maintain: 0
2022/06/25-12:35:26.919686 7f419493dc80            Options.bottommost_compression_opts.window_bits: -14
2022/06/25-12:35:26.919687 7f419493dc80                  Options.bottommost_compression_opts.level: 32767
2022/06/25-12:35:26.919687 7f419493dc80               Options.bottommost_compression_opts.strategy: 0
2022/06/25-12:35:26.919688 7f419493dc80         Options.bottommost_compression_opts.max_dict_bytes: 0
2022/06/25-12:35:26.919688 7f419493dc80         Options.bottommost_compression_opts.zstd_max_train_bytes: 0
2022/06/25-12:35:26.919689 7f419493dc80         Options.bottommost_compression_opts.parallel_threads: 1
2022/06/25-12:35:26.919690 7f419493dc80                  Options.bottommost_compression_opts.enabled: false
2022/06/25-12:35:26.919690 7f419493dc80            Options.compression_opts.window_bits: -14
2022/06/25-12:35:26.919691 7f419493dc80                  Options.compression_opts.level: 32767
2022/06/25-12:35:26.919692 7f419493dc80               Options.compression_opts.strategy: 0
2022/06/25-12:35:26.919692 7f419493dc80         Options.compression_opts.max_dict_bytes: 0
2022/06/25-12:35:26.919693 7f419493dc80         Options.compression_opts.zstd_max_train_bytes: 0
2022/06/25-12:35:26.919693 7f419493dc80         Options.compression_opts.parallel_threads: 1
2022/06/25-12:35:26.919694 7f419493dc80                  Options.compression_opts.enabled: false
2022/06/25-12:35:26.919709 7f419493dc80      Options.level0_file_num_compaction_trigger: 4
2022/06/25-12:35:26.919710 7f419493dc80          Options.level0_slowdown_writes_trigger: 20
2022/06/25-12:35:26.919711 7f419493dc80              Options.level0_stop_writes_trigger: 36
2022/06/25-12:35:26.919712 7f419493dc80                   Options.target_file_size_base: 67108864
2022/06/25-12:35:26.919713 7f419493dc80             Options.target_file_size_multiplier: 1
2022/06/25-12:35:26.919714 7f419493dc80                Options.max_bytes_for_level_base: 268435456
2022/06/25-12:35:26.919715 7f419493dc80 Options.level_compaction_dynamic_level_bytes: 0
2022/06/25-12:35:26.919716 7f419493dc80          Options.max_bytes_for_level_multiplier: 10.000000
2022/06/25-12:35:26.919719 7f419493dc80 Options.max_bytes_for_level_multiplier_addtl[0]: 1
2022/06/25-12:35:26.919720 7f419493dc80 Options.max_bytes_for_level_multiplier_addtl[1]: 1
2022/06/25-12:35:26.919721 7f419493dc80 Options.max_bytes_for_level_multiplier_addtl[2]: 1
2022/06/25-12:35:26.919722 7f419493dc80 Options.max_bytes_for_level_multiplier_addtl[3]: 1
2022/06/25-12:35:26.919724 7f419493dc80 Options.max_bytes_for_level_multiplier_addtl[4]: 1
2022/06/25-12:35:26.919725 7f419493dc80 Options.max_bytes_for_level_multiplier_addtl[5]: 1
2022/06/25-12:35:26.919726 7f419493dc80 Options.max_bytes_for_level_multiplier_addtl[6]: 1
2022/06/25-12:35:26.919727 7f419493dc80       Options.max_sequential_skip_in_iterations: 8
2022/06/25-12:35:26.919728 7f419493dc80                    Options.max_compaction_bytes: 1677721600
2022/06/25-12:35:26.919729 7f419493dc80                        Options.arena_block_size: 8388608
2022/06/25-12:35:26.919731 7f419493dc80   Options.soft_pending_compaction_bytes_limit: 68719476736
2022/06/25-12:35:26.919732 7f419493dc80   Options.hard_pending_compaction_bytes_limit: 274877906944
2022/06/25-12:35:26.919733 7f419493dc80       Options.rate_limit_delay_max_milliseconds: 100
2022/06/25-12:35:26.919734 7f419493dc80                Options.disable_auto_compactions: 1
2022/06/25-12:35:26.919736 7f419493dc80                        Options.compaction_style: kCompactionStyleLevel
2022/06/25-12:35:26.919737 7f419493dc80                          Options.compaction_pri: kMinOverlappingRatio
2022/06/25-12:35:26.919737 7f419493dc80 Options.compaction_options_universal.size_ratio: 1
2022/06/25-12:35:26.919738 7f419493dc80 Options.compaction_options_universal.min_merge_width: 2
2022/06/25-12:35:26.919739 7f419493dc80 Options.compaction_options_universal.max_merge_width: 4294967295
2022/06/25-12:35:26.919739 7f419493dc80 Options.compaction_options_universal.max_size_amplification_percent: 200
2022/06/25-12:35:26.919740 7f419493dc80 Options.compaction_options_universal.compression_size_percent: -1
2022/06/25-12:35:26.919741 7f419493dc80 Options.compaction_options_universal.stop_style: kCompactionStopStyleTotalSize
2022/06/25-12:35:26.919741 7f419493dc80 Options.compaction_options_fifo.max_table_files_size: 1073741824
2022/06/25-12:35:26.919742 7f419493dc80 Options.compaction_options_fifo.allow_compaction: 0
2022/06/25-12:35:26.919746 7f419493dc80                   Options.table_properties_collectors: 
2022/06/25-12:35:26.919747 7f419493dc80                   Options.inplace_update_support: 0
2022/06/25-12:35:26.919748 7f419493dc80                 Options.inplace_update_num_locks: 10000
2022/06/25-12:35:26.919748 7f419493dc80               Options.memtable_prefix_bloom_size_ratio: 0.000000
2022/06/25-12:35:26.919749 7f419493dc80               Options.memtable_whole_key_filtering: 0
2022/06/25-12:35:26.919750 7f419493dc80   Options.memtable_huge_page_size: 0
2022/06/25-12:35:26.919751 7f419493dc80                           Options.bloom_locality: 0
2022/06/25-12:35:26.919751 7f419493dc80                    Options.max_successive_merges: 0
2022/06/25-12:35:26.919752 7f419493dc80                Options.optimize_filters_for_hits: 0
2022/06/25-12:35:26.919753 7f419493dc80                Options.paranoid_file_checks: 0
2022/06/25-12:35:26.919753 7f419493dc80                Options.force_consistency_checks: 1
2022/06/25-12:35:26.919761 7f419493dc80                Options.report_bg_io_stats: 0
2022/06/25-12:35:26.919763 7f419493dc80                               Options.ttl: 2592000
2022/06/25-12:35:26.919764 7f419493dc80          Options.periodic_compaction_seconds: 2592000
2022/06/25-12:35:26.919765 7f419493dc80                    Options.enable_blob_files: false
2022/06/25-12:35:26.919766 7f419493dc80                        Options.min_blob_size: 0
2022/06/25-12:35:26.919767 7f419493dc80                       Options.blob_file_size: 268435456
2022/06/25-12:35:26.919768 7f419493dc80                Options.blob_compression_type: NoCompression
2022/06/25-12:35:26.919769 7f419493dc80       Options.enable_blob_garbage_collection: false
2022/06/25-12:35:26.919770 7f419493dc80   Options.blob_garbage_collection_age_cutoff: 0.250000
2022/06/25-12:35:26.919809 7f419493dc80 [db/db_impl/db_impl.cc:2654] Created column family [RB] (ID 1)
2022/06/25-12:35:26.922014 7f419493dc80 [db/column_family.cc:595] --------------- Options for column family [FZ]:
2022/06/25-12:35:26.922029 7f419493dc80               Options.comparator: leveldb.BytewiseComparator
2022/06/25-12:35:26.922031 7f419493dc80           Options.merge_operator: None
2022/06/25-12:35:26.922034 7f419493dc80        Options.compaction_filter: filter_outdated
2022/06/25-12:35:26.922035 7f419493dc80        Options.compaction_filter_factory: None
2022/06/25-12:35:26.922036 7f419493dc80  Options.sst_partitioner_factory: None
2022/06/25-12:35:26.922037 7f419493dc80         Options.memtable_factory: SkipListFactory
2022/06/25-12:35:26.922038 7f419493dc80            Options.table_factory: BlockBasedTable
2022/06/25-12:35:26.922081 7f419493dc80            table_factory options:   flush_block_policy_factory: FlushBlockBySizePolicyFactory (0x5635b96475e0)
  cache_index_and_filter_blocks: 0
  cache_index_and_filter_blocks_with_high_priority: 1
  pin_l0_filter_and_index_blocks_in_cache: 0
  pin_top_level_index_and_filter: 1
  index_type: 0
  data_block_index_type: 0
  index_shortening: 1
  data_block_hash_table_util_ratio: 0.750000
  hash_index_allow_collision: 1
  checksum: 1
  no_block_cache: 0
  block_cache: 0x5635b9647630
  block_cache_name: LRUCache
  block_cache_options:
    capacity : 8388608
    num_shard_bits : 4
    strict_capacity_limit : 0
    memory_allocator : None
    high_pri_pool_ratio: 0.000
  block_cache_compressed: (nil)
  persistent_cache: (nil)
  block_size: 4096
  block_size_deviation: 10
  block_restart_interval: 16
  index_block_restart_interval: 1
  metadata_block_size: 4096
  partition_filters: 0
  use_delta_encoding: 1
  filter_policy: nullptr
  whole_key_filtering: 1
  verify_compression: 0
  read_amp_bytes_per_bit: 0
  format_version: 4
  enable_index_compression: 1
  block_align: 0
2022/06/25-12:35:26.922083 7f419493dc80        Options.write_buffer_size: 67108864
2022/06/25-12:35:26.922085 7f419493dc80  Options.max_write_buffer_number: 2
2022/06/25-12:35:26.922086 7f419493dc80          Options.compression: NoCompression
2022/06/25-12:35:26.922087 7f419493dc80                  Options.bottommost_compression: Disabled
2022/06/25-12:35:26.922088 7f419493dc80       Options.prefix_extractor: nullptr
2022/06/25-12:35:26.922089 7f419493dc80   Options.memtable_insert_with_hint_prefix_extractor: nullptr
2022/06/25-12:35:26.922090 7f419493dc80             Options.num_levels: 7
2022/06/25-12:35:26.922091 7f419493dc80        Options.min_write_buffer_number_to_merge: 1
2022/06/25-12:35:26.922092 7f419493dc80     Options.max_write_buffer_number_to_maintain: 0
2022/06/25-12:35:26.922093 7f419493dc80     Options.max_write_buffer_size_to_maintain: 0
2022/06/25-12:35:26.922094 7f419493dc80            Options.bottommost_compression_opts.window_bits: -14
2022/06/25-12:35:26.922095 7f419493dc80                  Options.bottommost_compression_opts.level: 32767
2022/06/25-12:35:26.922096 7f419493dc80               Options.bottommost_compression_opts.strategy: 0
2022/06/25-12:35:26.922097 7f419493dc80         Options.bottommost_compression_opts.max_dict_bytes: 0
2022/06/25-12:35:26.922098 7f419493dc80         Options.bottommost_compression_opts.zstd_max_train_bytes: 0
2022/06/25-12:35:26.922099 7f419493dc80         Options.bottommost_compression_opts.parallel_threads: 1
2022/06/25-12:35:26.922100 7f419493dc80                  Options.bottommost_compression_opts.enabled: false
2022/06/25-12:35:26.922101 7f419493dc80            Options.compression_opts.window_bits: -14
2022/06/25-12:35:26.922102 7f419493dc80                  Options.compression_opts.level: 32767
2022/06/25-12:35:26.922103 7f419493dc80               Options.compression_opts.strategy: 0
2022/06/25-12:35:26.922104 7f419493dc80         Options.compression_opts.max_dict_bytes: 0
2022/06/25-12:35:26.922105 7f419493dc80         Options.compression_opts.zstd_max_train_bytes: 0
2022/06/25-12:35:26.922106 7f419493dc80         Options.compression_opts.parallel_threads: 1
2022/06/25-12:35:26.922107 7f419493dc80                  Options.compression_opts.enabled: false
2022/06/25-12:35:26.922128 7f419493dc80      Options.level0_file_num_compaction_trigger: 4
2022/06/25-12:35:26.922129 7f419493dc80          Options.level0_slowdown_writes_trigger: 20
2022/06/25-12:35:26.922130 7f419493dc80              Options.level0_stop_writes_trigger: 36
2022/06/25-12:35:26.922131 7f419493dc80                   Options.target_file_size_base: 67108864
2022/06/25-12:35:26.922132 7f419493dc80             Options.target_file_size_multiplier: 1
2022/06/25-12:35:26.922133 7f419493dc80                Options.max_bytes_for_level_base: 268435456
2022/06/25-12:35:26.922134 7f419493dc80 Options.level_compaction_dynamic_level_bytes: 0
2022/06/25-12:35:26.922135 7f419493dc80          Options.max_bytes_for_level_multiplier: 10.000000
2022/06/25-12:35:26.922138 7f419493dc80 Options.max_bytes_for_level_multiplier_addtl[0]: 1
2022/06/25-12:35:26.922139 7f419493dc80 Options.max_bytes_for_level_multiplier_addtl[1]: 1
2022/06/25-12:35:26.922140 7f419493dc80 Options.max_bytes_for_level_multiplier_addtl[2]: 1
2022/06/25-12:35:26.922141 7f419493dc80 Options.max_bytes_for_level_multiplier_addtl[3]: 1
2022/06/25-12:35:26.922143 7f419493dc80 Options.max_bytes_for_level_multiplier_addtl[4]: 1
2022/06/25-12:35:26.922144 7f419493dc80 Options.max_bytes_for_level_multiplier_addtl[5]: 1
2022/06/25-12:35:26.922145 7f419493dc80 Options.max_bytes_for_level_multiplier_addtl[6]: 1
2022/06/25-12:35:26.922146 7f419493dc80       Options.max_sequential_skip_in_iterations: 8
2022/06/25-12:35:26.922147 7f419493dc80                    Options.max_compaction_bytes: 1677721600
2022/06/25-12:35:26.922148 7f419493dc80                        Options.arena_block_size: 8388608
2022/06/25-12:35:26.922149 7f419493dc80   Options.soft_pending_compaction_bytes_limit: 68719476736
2022/06/25-12:35:26.922150 7f419493dc80   Options.hard_pending_compaction_bytes_limit: 274877906944
2022/06/25-12:35:26.922151 7f419493dc80       Options.rate_limit_delay_max_milliseconds: 100
2022/06/25-12:35:26.922152 7f419493dc80                Options.disable_auto_compactions: 1
2022/06/25-12:35:26.922155 7f419493dc80                        Options.compaction_style: kCompactionStyleLevel
2022/06/25-12:35:26.922157 7f419493dc80                          Options.compaction_pri: kMinOverlappingRatio
2022/06/25-12:35:26.922158 7f419493dc80 Options.compaction_options_universal.size_ratio: 1
2022/06/25-12:35:26.922159 7f419493dc80 Options.compaction_options_universal.min_merge_width: 2
2022/06/25-12:35:26.922160 7f419493dc80 Options.compaction_options_universal.max_merge_width: 4294967295
2022/06/25-12:35:26.922161 7f419493dc80 Options.compaction_options_universal.max_size_amplification_percent: 200
2022/06/25-12:35:26.922162 7f419493dc80 Options.compaction_options_universal.compression_size_percent: -1
2022/06/25-12:35:26.922164 7f419493dc80 Options.compaction_options_universal.stop_style: kCompactionStopStyleTotalSize
2022/06/25-12:35:26.922165 7f419493dc80 Options.compaction_options_fifo.max_table_files_size: 1073741824
2022/06/25-12:35:26.922166 7f419493dc80 Options.compaction_options_fifo.allow_compaction: 0
2022/06/25-12:35:26.922177 7f419493dc80                   Options.table_properties_collectors: 
2022/06/25-12:35:26.922178 7f419493dc80                   Options.inplace_update_support: 0
2022/06/25-12:35:26.922179 7f419493dc80                 Options.inplace_update_num_locks: 10000
2022/06/25-12:35:26.922181 7f419493dc80               Options.memtable_prefix_bloom_size_ratio: 0.000000
2022/06/25-12:35:26.922182 7f419493dc80               Options.memtable_whole_key_filtering: 0
2022/06/25-12:35:26.922183 7f419493dc80   Options.memtable_huge_page_size: 0
2022/06/25-12:35:26.922184 7f419493dc80                           Options.bloom_locality: 0
2022/06/25-12:35:26.922185 7f419493dc80                    Options.max_successive_merges: 0
2022/06/25-12:35:26.922186 7f419493dc80                Options.optimize_filters_for_hits: 0
2022/06/25-12:35:26.922187 7f419493dc80                Options.paranoid_file_checks: 0
2022/06/25-12:35:26.922188 7f419493dc80                Options.force_consistency_checks: 1
2022/06/25-12:35:26.922201 7f419493dc80                Options.report_bg_io_stats: 0
2022/06/25-12:35:26.922203 7f419493dc80                               Options.ttl: 2592000
2022/06/25-12:35:26.922204 7f419493dc80          Options.periodic_compaction_seconds: 2592000
2022/06/25-12:35:26.922205 7f419493dc80                    Options.enable_blob_files: false
2022/06/25-12:35:26.922206 7f419493dc80                        Options.min_blob_size: 0
2022/06/25-12:35:26.922207 7f419493dc80                       Options.blob_file_size: 268435456
2022/06/25-12:35:26.922208 7f419493dc80                Options.blob_compression_type: NoCompression
2022/06/25-12:35:26.922209 7f419493dc80       Options.enable_blob_garbage_collection: false
2022/06/25-12:35:26.922210 7f419493dc80   Options.blob_garbage_collection_age_cutoff: 0.250000
2022/06/25-12:35:26.922382 7f419493dc80 [db/db_impl/db_impl.cc:2654] Created column family [FZ] (ID 2)
2022/06/25-12:35:26.925798 7f419493dc80 [db/column_family.cc:595] --------------- Options for column family [NZ]:
2022/06/25-12:35:26.925803 7f419493dc80               Options.comparator: leveldb.BytewiseComparator
2022/06/25-12:35:26.925805 7f419493dc80           Options.merge_operator: None
2022/06/25-12:35:26.925807 7f419493dc80        Options.compaction_filter: filter_outdated
2022/06/25-12:35:26.925808 7f419493dc80        Options.compaction_filter_factory: None
2022/06/25-12:35:26.925809 7f419493dc80  Options.sst_partitioner_factory: None
2022/06/25-12:35:26.925810 7f419493dc80         Options.memtable_factory: SkipListFactory
2022/06/25-12:35:26.925811 7f419493dc80            Options.table_factory: BlockBasedTable
2022/06/25-12:35:26.925837 7f419493dc80            table_factory options:   flush_block_policy_factory: FlushBlockBySizePolicyFactory (0x5635b9649890)
  cache_index_and_filter_blocks: 0
  cache_index_and_filter_blocks_with_high_priority: 1
  pin_l0_filter_and_index_blocks_in_cache: 0
  pin_top_level_index_and_filter: 1
  index_type: 0
  data_block_index_type: 0
  index_shortening: 1
  data_block_hash_table_util_ratio: 0.750000
  hash_index_allow_collision: 1
  checksum: 1
  no_block_cache: 0
  block_cache: 0x5635b96498e0
  block_cache_name: LRUCache
  block_cache_options:
    capacity : 8388608
    num_shard_bits : 4
    strict_capacity_limit : 0
    memory_allocator : None
    high_pri_pool_ratio: 0.000
  block_cache_compressed: (nil)
  persistent_cache: (nil)
  block_size: 4096
  block_size_deviation: 10
  block_restart_interval: 16
  index_block_restart_interval: 1
  metadata_block_size: 4096
  partition_filters: 0
  use_delta_encoding: 1
  filter_policy: nullptr
  whole_key_filtering: 1
  verify_compression: 0
  read_amp_bytes_per_bit: 0
  format_version: 4
  enable_index_compression: 1
  block_align: 0
2022/06/25-12:35:26.925838 7f419493dc80        Options.write_buffer_size: 67108864
2022/06/25-12:35:26.925840 7f419493dc80  Options.max_write_buffer_number: 2
2022/06/25-12:35:26.925841 7f419493dc80          Options.compression: NoCompression
2022/06/25-12:35:26.925842 7f419493dc80                  Options.bottommost_compression: Disabled
2022/06/25-12:35:26.925843 7f419493dc80       Options.prefix_extractor: nullptr
2022/06/25-12:35:26.925844 7f419493dc80   Options.memtable_insert_with_hint_prefix_extractor: nullptr
2022/06/25-12:35:26.925845 7f419493dc80             Options.num_levels: 7
2022/06/25-12:35:26.925846 7f419493dc80        Options.min_write_buffer_number_to_merge: 1
2022/06/25-12:35:26.925847 7f419493dc80     Options.max_write_buffer_number_to_maintain: 0
2022/06/25-12:35:26.925848 7f419493dc80     Options.max_write_buffer_size_to_maintain: 0
