2022/06/27-13:23:35.718036 7f13bfc81c80 RocksDB version: 6.17.0
2022/06/27-13:23:35.718091 7f13bfc81c80 Git sha 0
2022/06/27-13:23:35.718163 7f13bfc81c80 DB SUMMARY
2022/06/27-13:23:35.718164 7f13bfc81c80 DB Session ID:  CGN3FZDMO9VZD9LS0VPU
2022/06/27-13:23:35.718174 7f13bfc81c80 SST files in /home/alula/Downloads/dfxproject1/chang4/.dfx/state/replicated_state/node-100/ic_consensus_pool/consensus dir, Total Num: 0, files: 
2022/06/27-13:23:35.718176 7f13bfc81c80 Write Ahead Log file in /home/alula/Downloads/dfxproject1/chang4/.dfx/state/replicated_state/node-100/ic_consensus_pool/consensus: 
2022/06/27-13:23:35.718177 7f13bfc81c80                         Options.error_if_exists: 0
2022/06/27-13:23:35.718177 7f13bfc81c80                       Options.create_if_missing: 1
2022/06/27-13:23:35.718178 7f13bfc81c80                         Options.paranoid_checks: 1
2022/06/27-13:23:35.718179 7f13bfc81c80                               Options.track_and_verify_wals_in_manifest: 0
2022/06/27-13:23:35.718179 7f13bfc81c80                                     Options.env: 0x558ef1fa7920
2022/06/27-13:23:35.718180 7f13bfc81c80                                      Options.fs: Posix File System
2022/06/27-13:23:35.718181 7f13bfc81c80                                Options.info_log: 0x558f36a94370
2022/06/27-13:23:35.718182 7f13bfc81c80                Options.max_file_opening_threads: 16
2022/06/27-13:23:35.718182 7f13bfc81c80                              Options.statistics: (nil)
2022/06/27-13:23:35.718183 7f13bfc81c80                               Options.use_fsync: 1
2022/06/27-13:23:35.718184 7f13bfc81c80                       Options.max_log_file_size: 0
2022/06/27-13:23:35.718184 7f13bfc81c80                  Options.max_manifest_file_size: 1073741824
2022/06/27-13:23:35.718185 7f13bfc81c80                   Options.log_file_time_to_roll: 0
2022/06/27-13:23:35.718185 7f13bfc81c80                       Options.keep_log_file_num: 1000
2022/06/27-13:23:35.718186 7f13bfc81c80                    Options.recycle_log_file_num: 0
2022/06/27-13:23:35.718187 7f13bfc81c80                         Options.allow_fallocate: 1
2022/06/27-13:23:35.718187 7f13bfc81c80                        Options.allow_mmap_reads: 0
2022/06/27-13:23:35.718188 7f13bfc81c80                       Options.allow_mmap_writes: 0
2022/06/27-13:23:35.718189 7f13bfc81c80                        Options.use_direct_reads: 0
2022/06/27-13:23:35.718189 7f13bfc81c80                        Options.use_direct_io_for_flush_and_compaction: 0
2022/06/27-13:23:35.718190 7f13bfc81c80          Options.create_missing_column_families: 1
2022/06/27-13:23:35.718190 7f13bfc81c80                              Options.db_log_dir: 
2022/06/27-13:23:35.718191 7f13bfc81c80                                 Options.wal_dir: /home/alula/Downloads/dfxproject1/chang4/.dfx/state/replicated_state/node-100/ic_consensus_pool/consensus
2022/06/27-13:23:35.718192 7f13bfc81c80                Options.table_cache_numshardbits: 6
2022/06/27-13:23:35.718192 7f13bfc81c80                         Options.WAL_ttl_seconds: 0
2022/06/27-13:23:35.718193 7f13bfc81c80                       Options.WAL_size_limit_MB: 0
2022/06/27-13:23:35.718193 7f13bfc81c80                        Options.max_write_batch_group_size_bytes: 1048576
2022/06/27-13:23:35.718194 7f13bfc81c80             Options.manifest_preallocation_size: 4194304
2022/06/27-13:23:35.718195 7f13bfc81c80                     Options.is_fd_close_on_exec: 1
2022/06/27-13:23:35.718195 7f13bfc81c80                   Options.advise_random_on_open: 1
2022/06/27-13:23:35.718196 7f13bfc81c80                    Options.db_write_buffer_size: 0
2022/06/27-13:23:35.718196 7f13bfc81c80                    Options.write_buffer_manager: 0x558f36a926b0
2022/06/27-13:23:35.718197 7f13bfc81c80         Options.access_hint_on_compaction_start: 1
2022/06/27-13:23:35.718198 7f13bfc81c80  Options.new_table_reader_for_compaction_inputs: 0
2022/06/27-13:23:35.718198 7f13bfc81c80           Options.random_access_max_buffer_size: 1048576
2022/06/27-13:23:35.718199 7f13bfc81c80                      Options.use_adaptive_mutex: 0
2022/06/27-13:23:35.718199 7f13bfc81c80                            Options.rate_limiter: (nil)
2022/06/27-13:23:35.718208 7f13bfc81c80     Options.sst_file_manager.rate_bytes_per_sec: 0
2022/06/27-13:23:35.718209 7f13bfc81c80                       Options.wal_recovery_mode: 2
2022/06/27-13:23:35.718210 7f13bfc81c80                  Options.enable_thread_tracking: 0
2022/06/27-13:23:35.718210 7f13bfc81c80                  Options.enable_pipelined_write: 0
2022/06/27-13:23:35.718211 7f13bfc81c80                  Options.unordered_write: 0
2022/06/27-13:23:35.718212 7f13bfc81c80         Options.allow_concurrent_memtable_write: 1
2022/06/27-13:23:35.718212 7f13bfc81c80      Options.enable_write_thread_adaptive_yield: 1
2022/06/27-13:23:35.718213 7f13bfc81c80             Options.write_thread_max_yield_usec: 100
2022/06/27-13:23:35.718213 7f13bfc81c80            Options.write_thread_slow_yield_usec: 3
2022/06/27-13:23:35.718214 7f13bfc81c80                               Options.row_cache: None
2022/06/27-13:23:35.718215 7f13bfc81c80                              Options.wal_filter: None
2022/06/27-13:23:35.718215 7f13bfc81c80             Options.avoid_flush_during_recovery: 0
2022/06/27-13:23:35.718216 7f13bfc81c80             Options.allow_ingest_behind: 0
2022/06/27-13:23:35.718217 7f13bfc81c80             Options.preserve_deletes: 0
2022/06/27-13:23:35.718217 7f13bfc81c80             Options.two_write_queues: 0
2022/06/27-13:23:35.718218 7f13bfc81c80             Options.manual_wal_flush: 0
2022/06/27-13:23:35.718218 7f13bfc81c80             Options.atomic_flush: 0
2022/06/27-13:23:35.718219 7f13bfc81c80             Options.avoid_unnecessary_blocking_io: 0
2022/06/27-13:23:35.718219 7f13bfc81c80                 Options.persist_stats_to_disk: 0
2022/06/27-13:23:35.718220 7f13bfc81c80                 Options.write_dbid_to_manifest: 0
2022/06/27-13:23:35.718221 7f13bfc81c80                 Options.log_readahead_size: 0
2022/06/27-13:23:35.718221 7f13bfc81c80                 Options.file_checksum_gen_factory: Unknown
2022/06/27-13:23:35.718222 7f13bfc81c80                 Options.best_efforts_recovery: 0
2022/06/27-13:23:35.718223 7f13bfc81c80                Options.max_bgerror_resume_count: 2147483647
2022/06/27-13:23:35.718223 7f13bfc81c80            Options.bgerror_resume_retry_interval: 1000000
2022/06/27-13:23:35.718224 7f13bfc81c80             Options.allow_data_in_errors: 0
2022/06/27-13:23:35.718224 7f13bfc81c80             Options.db_host_id: __hostname__
2022/06/27-13:23:35.718225 7f13bfc81c80             Options.max_background_jobs: 2
2022/06/27-13:23:35.718226 7f13bfc81c80             Options.max_background_compactions: -1
2022/06/27-13:23:35.718226 7f13bfc81c80             Options.max_subcompactions: 1
2022/06/27-13:23:35.718227 7f13bfc81c80             Options.avoid_flush_during_shutdown: 0
2022/06/27-13:23:35.718228 7f13bfc81c80           Options.writable_file_max_buffer_size: 1048576
2022/06/27-13:23:35.718228 7f13bfc81c80             Options.delayed_write_rate : 16777216
2022/06/27-13:23:35.718229 7f13bfc81c80             Options.max_total_wal_size: 0
2022/06/27-13:23:35.718229 7f13bfc81c80             Options.delete_obsolete_files_period_micros: 21600000000
2022/06/27-13:23:35.718230 7f13bfc81c80                   Options.stats_dump_period_sec: 600
2022/06/27-13:23:35.718231 7f13bfc81c80                 Options.stats_persist_period_sec: 600
2022/06/27-13:23:35.718231 7f13bfc81c80                 Options.stats_history_buffer_size: 1048576
2022/06/27-13:23:35.718232 7f13bfc81c80                          Options.max_open_files: -1
2022/06/27-13:23:35.718232 7f13bfc81c80                          Options.bytes_per_sync: 0
2022/06/27-13:23:35.718233 7f13bfc81c80                      Options.wal_bytes_per_sync: 0
2022/06/27-13:23:35.718234 7f13bfc81c80                   Options.strict_bytes_per_sync: 0
2022/06/27-13:23:35.718234 7f13bfc81c80       Options.compaction_readahead_size: 0
2022/06/27-13:23:35.718235 7f13bfc81c80                  Options.max_background_flushes: -1
2022/06/27-13:23:35.718235 7f13bfc81c80 Compression algorithms supported:
2022/06/27-13:23:35.718236 7f13bfc81c80 	kZSTDNotFinalCompression supported: 1
2022/06/27-13:23:35.718245 7f13bfc81c80 	kZSTD supported: 1
2022/06/27-13:23:35.718246 7f13bfc81c80 	kXpressCompression supported: 0
2022/06/27-13:23:35.718247 7f13bfc81c80 	kLZ4HCCompression supported: 1
2022/06/27-13:23:35.718248 7f13bfc81c80 	kLZ4Compression supported: 1
2022/06/27-13:23:35.718248 7f13bfc81c80 	kBZip2Compression supported: 1
2022/06/27-13:23:35.718249 7f13bfc81c80 	kZlibCompression supported: 1
2022/06/27-13:23:35.718250 7f13bfc81c80 	kSnappyCompression supported: 1
2022/06/27-13:23:35.718251 7f13bfc81c80 Fast CRC32 supported: Supported on x86
2022/06/27-13:23:35.719913 7f13bfc81c80 [db/db_impl/db_impl_open.cc:283] Creating manifest 1 
2022/06/27-13:23:35.721839 7f13bfc81c80 [db/version_set.cc:4758] Recovering from manifest file: /home/alula/Downloads/dfxproject1/chang4/.dfx/state/replicated_state/node-100/ic_consensus_pool/consensus/MANIFEST-000001
2022/06/27-13:23:35.721930 7f13bfc81c80 [db/column_family.cc:595] --------------- Options for column family [default]:
2022/06/27-13:23:35.721933 7f13bfc81c80               Options.comparator: leveldb.BytewiseComparator
2022/06/27-13:23:35.721934 7f13bfc81c80           Options.merge_operator: None
2022/06/27-13:23:35.721934 7f13bfc81c80        Options.compaction_filter: None
2022/06/27-13:23:35.721935 7f13bfc81c80        Options.compaction_filter_factory: None
2022/06/27-13:23:35.721936 7f13bfc81c80  Options.sst_partitioner_factory: None
2022/06/27-13:23:35.721936 7f13bfc81c80         Options.memtable_factory: SkipListFactory
2022/06/27-13:23:35.721937 7f13bfc81c80            Options.table_factory: BlockBasedTable
2022/06/27-13:23:35.721956 7f13bfc81c80            table_factory options:   flush_block_policy_factory: FlushBlockBySizePolicyFactory (0x558f36a90160)
  cache_index_and_filter_blocks: 0
  cache_index_and_filter_blocks_with_high_priority: 1
  pin_l0_filter_and_index_blocks_in_cache: 0
  pin_top_level_index_and_filter: 1
  index_type: 0
  data_block_index_type: 0
  index_shortening: 1
  data_block_hash_table_util_ratio: 0.750000
  hash_index_allow_collision: 1
  checksum: 1
  no_block_cache: 0
  block_cache: 0x558f36a901b0
  block_cache_name: LRUCache
  block_cache_options:
    capacity : 8388608
    num_shard_bits : 4
    strict_capacity_limit : 0
    memory_allocator : None
    high_pri_pool_ratio: 0.000
  block_cache_compressed: (nil)
  persistent_cache: (nil)
  block_size: 4096
  block_size_deviation: 10
  block_restart_interval: 16
  index_block_restart_interval: 1
  metadata_block_size: 4096
  partition_filters: 0
  use_delta_encoding: 1
  filter_policy: nullptr
  whole_key_filtering: 1
  verify_compression: 0
  read_amp_bytes_per_bit: 0
  format_version: 4
  enable_index_compression: 1
  block_align: 0
2022/06/27-13:23:35.721962 7f13bfc81c80        Options.write_buffer_size: 67108864
2022/06/27-13:23:35.721963 7f13bfc81c80  Options.max_write_buffer_number: 2
2022/06/27-13:23:35.721964 7f13bfc81c80          Options.compression: Snappy
2022/06/27-13:23:35.721964 7f13bfc81c80                  Options.bottommost_compression: Disabled
2022/06/27-13:23:35.721965 7f13bfc81c80       Options.prefix_extractor: nullptr
2022/06/27-13:23:35.721966 7f13bfc81c80   Options.memtable_insert_with_hint_prefix_extractor: nullptr
2022/06/27-13:23:35.721966 7f13bfc81c80             Options.num_levels: 7
2022/06/27-13:23:35.721967 7f13bfc81c80        Options.min_write_buffer_number_to_merge: 1
2022/06/27-13:23:35.721967 7f13bfc81c80     Options.max_write_buffer_number_to_maintain: 0
2022/06/27-13:23:35.721968 7f13bfc81c80     Options.max_write_buffer_size_to_maintain: 0
2022/06/27-13:23:35.721969 7f13bfc81c80            Options.bottommost_compression_opts.window_bits: -14
2022/06/27-13:23:35.721969 7f13bfc81c80                  Options.bottommost_compression_opts.level: 32767
2022/06/27-13:23:35.721970 7f13bfc81c80               Options.bottommost_compression_opts.strategy: 0
2022/06/27-13:23:35.721971 7f13bfc81c80         Options.bottommost_compression_opts.max_dict_bytes: 0
2022/06/27-13:23:35.721971 7f13bfc81c80         Options.bottommost_compression_opts.zstd_max_train_bytes: 0
2022/06/27-13:23:35.721983 7f13bfc81c80         Options.bottommost_compression_opts.parallel_threads: 1
2022/06/27-13:23:35.721985 7f13bfc81c80                  Options.bottommost_compression_opts.enabled: false
2022/06/27-13:23:35.721985 7f13bfc81c80            Options.compression_opts.window_bits: -14
2022/06/27-13:23:35.721986 7f13bfc81c80                  Options.compression_opts.level: 32767
2022/06/27-13:23:35.721986 7f13bfc81c80               Options.compression_opts.strategy: 0
2022/06/27-13:23:35.721987 7f13bfc81c80         Options.compression_opts.max_dict_bytes: 0
2022/06/27-13:23:35.721988 7f13bfc81c80         Options.compression_opts.zstd_max_train_bytes: 0
2022/06/27-13:23:35.721988 7f13bfc81c80         Options.compression_opts.parallel_threads: 1
2022/06/27-13:23:35.721989 7f13bfc81c80                  Options.compression_opts.enabled: false
2022/06/27-13:23:35.721989 7f13bfc81c80      Options.level0_file_num_compaction_trigger: 4
2022/06/27-13:23:35.721990 7f13bfc81c80          Options.level0_slowdown_writes_trigger: 20
2022/06/27-13:23:35.721991 7f13bfc81c80              Options.level0_stop_writes_trigger: 36
2022/06/27-13:23:35.721991 7f13bfc81c80                   Options.target_file_size_base: 67108864
2022/06/27-13:23:35.721992 7f13bfc81c80             Options.target_file_size_multiplier: 1
2022/06/27-13:23:35.721992 7f13bfc81c80                Options.max_bytes_for_level_base: 268435456
2022/06/27-13:23:35.721993 7f13bfc81c80 Options.level_compaction_dynamic_level_bytes: 0
2022/06/27-13:23:35.721994 7f13bfc81c80          Options.max_bytes_for_level_multiplier: 10.000000
2022/06/27-13:23:35.721995 7f13bfc81c80 Options.max_bytes_for_level_multiplier_addtl[0]: 1
2022/06/27-13:23:35.721996 7f13bfc81c80 Options.max_bytes_for_level_multiplier_addtl[1]: 1
2022/06/27-13:23:35.721997 7f13bfc81c80 Options.max_bytes_for_level_multiplier_addtl[2]: 1
2022/06/27-13:23:35.721997 7f13bfc81c80 Options.max_bytes_for_level_multiplier_addtl[3]: 1
2022/06/27-13:23:35.721998 7f13bfc81c80 Options.max_bytes_for_level_multiplier_addtl[4]: 1
2022/06/27-13:23:35.721999 7f13bfc81c80 Options.max_bytes_for_level_multiplier_addtl[5]: 1
2022/06/27-13:23:35.721999 7f13bfc81c80 Options.max_bytes_for_level_multiplier_addtl[6]: 1
2022/06/27-13:23:35.722000 7f13bfc81c80       Options.max_sequential_skip_in_iterations: 8
2022/06/27-13:23:35.722000 7f13bfc81c80                    Options.max_compaction_bytes: 1677721600
2022/06/27-13:23:35.722001 7f13bfc81c80                        Options.arena_block_size: 8388608
2022/06/27-13:23:35.722002 7f13bfc81c80   Options.soft_pending_compaction_bytes_limit: 68719476736
2022/06/27-13:23:35.722002 7f13bfc81c80   Options.hard_pending_compaction_bytes_limit: 274877906944
2022/06/27-13:23:35.722003 7f13bfc81c80       Options.rate_limit_delay_max_milliseconds: 100
2022/06/27-13:23:35.722004 7f13bfc81c80                Options.disable_auto_compactions: 0
2022/06/27-13:23:35.722005 7f13bfc81c80                        Options.compaction_style: kCompactionStyleLevel
2022/06/27-13:23:35.722006 7f13bfc81c80                          Options.compaction_pri: kMinOverlappingRatio
2022/06/27-13:23:35.722006 7f13bfc81c80 Options.compaction_options_universal.size_ratio: 1
2022/06/27-13:23:35.722007 7f13bfc81c80 Options.compaction_options_universal.min_merge_width: 2
2022/06/27-13:23:35.722008 7f13bfc81c80 Options.compaction_options_universal.max_merge_width: 4294967295
2022/06/27-13:23:35.722008 7f13bfc81c80 Options.compaction_options_universal.max_size_amplification_percent: 200
2022/06/27-13:23:35.722009 7f13bfc81c80 Options.compaction_options_universal.compression_size_percent: -1
2022/06/27-13:23:35.722010 7f13bfc81c80 Options.compaction_options_universal.stop_style: kCompactionStopStyleTotalSize
2022/06/27-13:23:35.722010 7f13bfc81c80 Options.compaction_options_fifo.max_table_files_size: 1073741824
2022/06/27-13:23:35.722011 7f13bfc81c80 Options.compaction_options_fifo.allow_compaction: 0
2022/06/27-13:23:35.722013 7f13bfc81c80                   Options.table_properties_collectors: 
2022/06/27-13:23:35.722019 7f13bfc81c80                   Options.inplace_update_support: 0
2022/06/27-13:23:35.722020 7f13bfc81c80                 Options.inplace_update_num_locks: 10000
2022/06/27-13:23:35.722020 7f13bfc81c80               Options.memtable_prefix_bloom_size_ratio: 0.000000
2022/06/27-13:23:35.722021 7f13bfc81c80               Options.memtable_whole_key_filtering: 0
2022/06/27-13:23:35.722022 7f13bfc81c80   Options.memtable_huge_page_size: 0
2022/06/27-13:23:35.722023 7f13bfc81c80                           Options.bloom_locality: 0
2022/06/27-13:23:35.722023 7f13bfc81c80                    Options.max_successive_merges: 0
2022/06/27-13:23:35.722024 7f13bfc81c80                Options.optimize_filters_for_hits: 0
2022/06/27-13:23:35.722024 7f13bfc81c80                Options.paranoid_file_checks: 0
2022/06/27-13:23:35.722025 7f13bfc81c80                Options.force_consistency_checks: 1
2022/06/27-13:23:35.722026 7f13bfc81c80                Options.report_bg_io_stats: 0
2022/06/27-13:23:35.722026 7f13bfc81c80                               Options.ttl: 2592000
2022/06/27-13:23:35.722027 7f13bfc81c80          Options.periodic_compaction_seconds: 0
2022/06/27-13:23:35.722027 7f13bfc81c80                    Options.enable_blob_files: false
2022/06/27-13:23:35.722028 7f13bfc81c80                        Options.min_blob_size: 0
2022/06/27-13:23:35.722029 7f13bfc81c80                       Options.blob_file_size: 268435456
2022/06/27-13:23:35.722029 7f13bfc81c80                Options.blob_compression_type: NoCompression
2022/06/27-13:23:35.722030 7f13bfc81c80       Options.enable_blob_garbage_collection: false
2022/06/27-13:23:35.722030 7f13bfc81c80   Options.blob_garbage_collection_age_cutoff: 0.250000
2022/06/27-13:23:35.722436 7f13bfc81c80 [db/version_set.cc:4798] Recovered from manifest file:/home/alula/Downloads/dfxproject1/chang4/.dfx/state/replicated_state/node-100/ic_consensus_pool/consensus/MANIFEST-000001 succeeded,manifest_file_number is 1, next_file_number is 3, last_sequence is 0, log_number is 0,prev_log_number is 0,max_column_family is 0,min_log_number_to_keep is 0
2022/06/27-13:23:35.722439 7f13bfc81c80 [db/version_set.cc:4813] Column family [default] (ID 0), log number is 0
2022/06/27-13:23:35.722479 7f13bfc81c80 [db/version_set.cc:4112] Creating manifest 3
2022/06/27-13:23:35.725057 7f13bfc81c80 [db/column_family.cc:595] --------------- Options for column family [RB]:
2022/06/27-13:23:35.725062 7f13bfc81c80               Options.comparator: leveldb.BytewiseComparator
2022/06/27-13:23:35.725063 7f13bfc81c80           Options.merge_operator: None
2022/06/27-13:23:35.725064 7f13bfc81c80        Options.compaction_filter: filter_outdated
2022/06/27-13:23:35.725065 7f13bfc81c80        Options.compaction_filter_factory: None
2022/06/27-13:23:35.725066 7f13bfc81c80  Options.sst_partitioner_factory: None
2022/06/27-13:23:35.725066 7f13bfc81c80         Options.memtable_factory: SkipListFactory
2022/06/27-13:23:35.725067 7f13bfc81c80            Options.table_factory: BlockBasedTable
2022/06/27-13:23:35.725086 7f13bfc81c80            table_factory options:   flush_block_policy_factory: FlushBlockBySizePolicyFactory (0x558f36a76360)
  cache_index_and_filter_blocks: 0
  cache_index_and_filter_blocks_with_high_priority: 1
  pin_l0_filter_and_index_blocks_in_cache: 0
  pin_top_level_index_and_filter: 1
  index_type: 0
  data_block_index_type: 0
  index_shortening: 1
  data_block_hash_table_util_ratio: 0.750000
  hash_index_allow_collision: 1
  checksum: 1
  no_block_cache: 0
  block_cache: 0x558f36a763b0
  block_cache_name: LRUCache
  block_cache_options:
    capacity : 8388608
    num_shard_bits : 4
    strict_capacity_limit : 0
    memory_allocator : None
    high_pri_pool_ratio: 0.000
  block_cache_compressed: (nil)
  persistent_cache: (nil)
  block_size: 4096
  block_size_deviation: 10
  block_restart_interval: 16
  index_block_restart_interval: 1
  metadata_block_size: 4096
  partition_filters: 0
  use_delta_encoding: 1
  filter_policy: nullptr
  whole_key_filtering: 1
  verify_compression: 0
  read_amp_bytes_per_bit: 0
  format_version: 4
  enable_index_compression: 1
  block_align: 0
2022/06/27-13:23:35.725088 7f13bfc81c80        Options.write_buffer_size: 67108864
2022/06/27-13:23:35.725088 7f13bfc81c80  Options.max_write_buffer_number: 2
2022/06/27-13:23:35.725089 7f13bfc81c80          Options.compression: NoCompression
2022/06/27-13:23:35.725090 7f13bfc81c80                  Options.bottommost_compression: Disabled
2022/06/27-13:23:35.725090 7f13bfc81c80       Options.prefix_extractor: nullptr
2022/06/27-13:23:35.725091 7f13bfc81c80   Options.memtable_insert_with_hint_prefix_extractor: nullptr
2022/06/27-13:23:35.725092 7f13bfc81c80             Options.num_levels: 7
2022/06/27-13:23:35.725092 7f13bfc81c80        Options.min_write_buffer_number_to_merge: 1
2022/06/27-13:23:35.725093 7f13bfc81c80     Options.max_write_buffer_number_to_maintain: 0
2022/06/27-13:23:35.725094 7f13bfc81c80     Options.max_write_buffer_size_to_maintain: 0
2022/06/27-13:23:35.725094 7f13bfc81c80            Options.bottommost_compression_opts.window_bits: -14
2022/06/27-13:23:35.725095 7f13bfc81c80                  Options.bottommost_compression_opts.level: 32767
2022/06/27-13:23:35.725096 7f13bfc81c80               Options.bottommost_compression_opts.strategy: 0
2022/06/27-13:23:35.725096 7f13bfc81c80         Options.bottommost_compression_opts.max_dict_bytes: 0
2022/06/27-13:23:35.725097 7f13bfc81c80         Options.bottommost_compression_opts.zstd_max_train_bytes: 0
2022/06/27-13:23:35.725097 7f13bfc81c80         Options.bottommost_compression_opts.parallel_threads: 1
2022/06/27-13:23:35.725098 7f13bfc81c80                  Options.bottommost_compression_opts.enabled: false
2022/06/27-13:23:35.725099 7f13bfc81c80            Options.compression_opts.window_bits: -14
2022/06/27-13:23:35.725099 7f13bfc81c80                  Options.compression_opts.level: 32767
2022/06/27-13:23:35.725100 7f13bfc81c80               Options.compression_opts.strategy: 0
2022/06/27-13:23:35.725101 7f13bfc81c80         Options.compression_opts.max_dict_bytes: 0
2022/06/27-13:23:35.725101 7f13bfc81c80         Options.compression_opts.zstd_max_train_bytes: 0
2022/06/27-13:23:35.725102 7f13bfc81c80         Options.compression_opts.parallel_threads: 1
2022/06/27-13:23:35.725102 7f13bfc81c80                  Options.compression_opts.enabled: false
2022/06/27-13:23:35.725117 7f13bfc81c80      Options.level0_file_num_compaction_trigger: 4
2022/06/27-13:23:35.725118 7f13bfc81c80          Options.level0_slowdown_writes_trigger: 20
2022/06/27-13:23:35.725118 7f13bfc81c80              Options.level0_stop_writes_trigger: 36
2022/06/27-13:23:35.725119 7f13bfc81c80                   Options.target_file_size_base: 67108864
2022/06/27-13:23:35.725120 7f13bfc81c80             Options.target_file_size_multiplier: 1
2022/06/27-13:23:35.725120 7f13bfc81c80                Options.max_bytes_for_level_base: 268435456
2022/06/27-13:23:35.725121 7f13bfc81c80 Options.level_compaction_dynamic_level_bytes: 0
2022/06/27-13:23:35.725121 7f13bfc81c80          Options.max_bytes_for_level_multiplier: 10.000000
2022/06/27-13:23:35.725123 7f13bfc81c80 Options.max_bytes_for_level_multiplier_addtl[0]: 1
2022/06/27-13:23:35.725124 7f13bfc81c80 Options.max_bytes_for_level_multiplier_addtl[1]: 1
2022/06/27-13:23:35.725124 7f13bfc81c80 Options.max_bytes_for_level_multiplier_addtl[2]: 1
2022/06/27-13:23:35.725125 7f13bfc81c80 Options.max_bytes_for_level_multiplier_addtl[3]: 1
2022/06/27-13:23:35.725126 7f13bfc81c80 Options.max_bytes_for_level_multiplier_addtl[4]: 1
2022/06/27-13:23:35.725126 7f13bfc81c80 Options.max_bytes_for_level_multiplier_addtl[5]: 1
2022/06/27-13:23:35.725127 7f13bfc81c80 Options.max_bytes_for_level_multiplier_addtl[6]: 1
2022/06/27-13:23:35.725128 7f13bfc81c80       Options.max_sequential_skip_in_iterations: 8
2022/06/27-13:23:35.725128 7f13bfc81c80                    Options.max_compaction_bytes: 1677721600
2022/06/27-13:23:35.725129 7f13bfc81c80                        Options.arena_block_size: 8388608
2022/06/27-13:23:35.725130 7f13bfc81c80   Options.soft_pending_compaction_bytes_limit: 68719476736
2022/06/27-13:23:35.725131 7f13bfc81c80   Options.hard_pending_compaction_bytes_limit: 274877906944
2022/06/27-13:23:35.725132 7f13bfc81c80       Options.rate_limit_delay_max_milliseconds: 100
2022/06/27-13:23:35.725133 7f13bfc81c80                Options.disable_auto_compactions: 1
2022/06/27-13:23:35.725134 7f13bfc81c80                        Options.compaction_style: kCompactionStyleLevel
2022/06/27-13:23:35.725136 7f13bfc81c80                          Options.compaction_pri: kMinOverlappingRatio
2022/06/27-13:23:35.725137 7f13bfc81c80 Options.compaction_options_universal.size_ratio: 1
2022/06/27-13:23:35.725138 7f13bfc81c80 Options.compaction_options_universal.min_merge_width: 2
2022/06/27-13:23:35.725139 7f13bfc81c80 Options.compaction_options_universal.max_merge_width: 4294967295
2022/06/27-13:23:35.725140 7f13bfc81c80 Options.compaction_options_universal.max_size_amplification_percent: 200
2022/06/27-13:23:35.725141 7f13bfc81c80 Options.compaction_options_universal.compression_size_percent: -1
2022/06/27-13:23:35.725142 7f13bfc81c80 Options.compaction_options_universal.stop_style: kCompactionStopStyleTotalSize
2022/06/27-13:23:35.725143 7f13bfc81c80 Options.compaction_options_fifo.max_table_files_size: 1073741824
2022/06/27-13:23:35.725143 7f13bfc81c80 Options.compaction_options_fifo.allow_compaction: 0
2022/06/27-13:23:35.725148 7f13bfc81c80                   Options.table_properties_collectors: 
2022/06/27-13:23:35.725149 7f13bfc81c80                   Options.inplace_update_support: 0
2022/06/27-13:23:35.725150 7f13bfc81c80                 Options.inplace_update_num_locks: 10000
2022/06/27-13:23:35.725150 7f13bfc81c80               Options.memtable_prefix_bloom_size_ratio: 0.000000
2022/06/27-13:23:35.725151 7f13bfc81c80               Options.memtable_whole_key_filtering: 0
2022/06/27-13:23:35.725152 7f13bfc81c80   Options.memtable_huge_page_size: 0
2022/06/27-13:23:35.725152 7f13bfc81c80                           Options.bloom_locality: 0
2022/06/27-13:23:35.725153 7f13bfc81c80                    Options.max_successive_merges: 0
2022/06/27-13:23:35.725154 7f13bfc81c80                Options.optimize_filters_for_hits: 0
2022/06/27-13:23:35.725154 7f13bfc81c80                Options.paranoid_file_checks: 0
2022/06/27-13:23:35.725155 7f13bfc81c80                Options.force_consistency_checks: 1
2022/06/27-13:23:35.725163 7f13bfc81c80                Options.report_bg_io_stats: 0
2022/06/27-13:23:35.725163 7f13bfc81c80                               Options.ttl: 2592000
2022/06/27-13:23:35.725164 7f13bfc81c80          Options.periodic_compaction_seconds: 2592000
2022/06/27-13:23:35.725165 7f13bfc81c80                    Options.enable_blob_files: false
2022/06/27-13:23:35.725165 7f13bfc81c80                        Options.min_blob_size: 0
2022/06/27-13:23:35.725166 7f13bfc81c80                       Options.blob_file_size: 268435456
2022/06/27-13:23:35.725166 7f13bfc81c80                Options.blob_compression_type: NoCompression
2022/06/27-13:23:35.725167 7f13bfc81c80       Options.enable_blob_garbage_collection: false
2022/06/27-13:23:35.725168 7f13bfc81c80   Options.blob_garbage_collection_age_cutoff: 0.250000
2022/06/27-13:23:35.725205 7f13bfc81c80 [db/db_impl/db_impl.cc:2654] Created column family [RB] (ID 1)
2022/06/27-13:23:35.727251 7f13bfc81c80 [db/column_family.cc:595] --------------- Options for column family [FZ]:
2022/06/27-13:23:35.727254 7f13bfc81c80               Options.comparator: leveldb.BytewiseComparator
2022/06/27-13:23:35.727255 7f13bfc81c80           Options.merge_operator: None
2022/06/27-13:23:35.727256 7f13bfc81c80        Options.compaction_filter: filter_outdated
2022/06/27-13:23:35.727256 7f13bfc81c80        Options.compaction_filter_factory: None
2022/06/27-13:23:35.727257 7f13bfc81c80  Options.sst_partitioner_factory: None
2022/06/27-13:23:35.727258 7f13bfc81c80         Options.memtable_factory: SkipListFactory
2022/06/27-13:23:35.727258 7f13bfc81c80            Options.table_factory: BlockBasedTable
2022/06/27-13:23:35.727274 7f13bfc81c80            table_factory options:   flush_block_policy_factory: FlushBlockBySizePolicyFactory (0x558f36a78610)
  cache_index_and_filter_blocks: 0
  cache_index_and_filter_blocks_with_high_priority: 1
  pin_l0_filter_and_index_blocks_in_cache: 0
  pin_top_level_index_and_filter: 1
  index_type: 0
  data_block_index_type: 0
  index_shortening: 1
  data_block_hash_table_util_ratio: 0.750000
  hash_index_allow_collision: 1
  checksum: 1
  no_block_cache: 0
  block_cache: 0x558f36a78660
  block_cache_name: LRUCache
  block_cache_options:
    capacity : 8388608
    num_shard_bits : 4
    strict_capacity_limit : 0
    memory_allocator : None
    high_pri_pool_ratio: 0.000
  block_cache_compressed: (nil)
  persistent_cache: (nil)
  block_size: 4096
  block_size_deviation: 10
  block_restart_interval: 16
  index_block_restart_interval: 1
  metadata_block_size: 4096
  partition_filters: 0
  use_delta_encoding: 1
  filter_policy: nullptr
  whole_key_filtering: 1
  verify_compression: 0
  read_amp_bytes_per_bit: 0
  format_version: 4
  enable_index_compression: 1
  block_align: 0
2022/06/27-13:23:35.727275 7f13bfc81c80        Options.write_buffer_size: 67108864
2022/06/27-13:23:35.727276 7f13bfc81c80  Options.max_write_buffer_number: 2
2022/06/27-13:23:35.727276 7f13bfc81c80          Options.compression: NoCompression
2022/06/27-13:23:35.727277 7f13bfc81c80                  Options.bottommost_compression: Disabled
2022/06/27-13:23:35.727278 7f13bfc81c80       Options.prefix_extractor: nullptr
2022/06/27-13:23:35.727278 7f13bfc81c80   Options.memtable_insert_with_hint_prefix_extractor: nullptr
2022/06/27-13:23:35.727279 7f13bfc81c80             Options.num_levels: 7
2022/06/27-13:23:35.727279 7f13bfc81c80        Options.min_write_buffer_number_to_merge: 1
2022/06/27-13:23:35.727280 7f13bfc81c80     Options.max_write_buffer_number_to_maintain: 0
2022/06/27-13:23:35.727281 7f13bfc81c80     Options.max_write_buffer_size_to_maintain: 0
2022/06/27-13:23:35.727281 7f13bfc81c80            Options.bottommost_compression_opts.window_bits: -14
2022/06/27-13:23:35.727282 7f13bfc81c80                  Options.bottommost_compression_opts.level: 32767
2022/06/27-13:23:35.727283 7f13bfc81c80               Options.bottommost_compression_opts.strategy: 0
2022/06/27-13:23:35.727283 7f13bfc81c80         Options.bottommost_compression_opts.max_dict_bytes: 0
2022/06/27-13:23:35.727284 7f13bfc81c80         Options.bottommost_compression_opts.zstd_max_train_bytes: 0
2022/06/27-13:23:35.727284 7f13bfc81c80         Options.bottommost_compression_opts.parallel_threads: 1
2022/06/27-13:23:35.727285 7f13bfc81c80                  Options.bottommost_compression_opts.enabled: false
2022/06/27-13:23:35.727286 7f13bfc81c80            Options.compression_opts.window_bits: -14
2022/06/27-13:23:35.727286 7f13bfc81c80                  Options.compression_opts.level: 32767
2022/06/27-13:23:35.727287 7f13bfc81c80               Options.compression_opts.strategy: 0
2022/06/27-13:23:35.727287 7f13bfc81c80         Options.compression_opts.max_dict_bytes: 0
2022/06/27-13:23:35.727288 7f13bfc81c80         Options.compression_opts.zstd_max_train_bytes: 0
2022/06/27-13:23:35.727289 7f13bfc81c80         Options.compression_opts.parallel_threads: 1
2022/06/27-13:23:35.727289 7f13bfc81c80                  Options.compression_opts.enabled: false
2022/06/27-13:23:35.727299 7f13bfc81c80      Options.level0_file_num_compaction_trigger: 4
2022/06/27-13:23:35.727301 7f13bfc81c80          Options.level0_slowdown_writes_trigger: 20
2022/06/27-13:23:35.727302 7f13bfc81c80              Options.level0_stop_writes_trigger: 36
2022/06/27-13:23:35.727302 7f13bfc81c80                   Options.target_file_size_base: 67108864
2022/06/27-13:23:35.727303 7f13bfc81c80             Options.target_file_size_multiplier: 1
2022/06/27-13:23:35.727304 7f13bfc81c80                Options.max_bytes_for_level_base: 268435456
2022/06/27-13:23:35.727304 7f13bfc81c80 Options.level_compaction_dynamic_level_bytes: 0
2022/06/27-13:23:35.727305 7f13bfc81c80          Options.max_bytes_for_level_multiplier: 10.000000
2022/06/27-13:23:35.727306 7f13bfc81c80 Options.max_bytes_for_level_multiplier_addtl[0]: 1
2022/06/27-13:23:35.727307 7f13bfc81c80 Options.max_bytes_for_level_multiplier_addtl[1]: 1
2022/06/27-13:23:35.727308 7f13bfc81c80 Options.max_bytes_for_level_multiplier_addtl[2]: 1
2022/06/27-13:23:35.727308 7f13bfc81c80 Options.max_bytes_for_level_multiplier_addtl[3]: 1
2022/06/27-13:23:35.727309 7f13bfc81c80 Options.max_bytes_for_level_multiplier_addtl[4]: 1
2022/06/27-13:23:35.727309 7f13bfc81c80 Options.max_bytes_for_level_multiplier_addtl[5]: 1
2022/06/27-13:23:35.727310 7f13bfc81c80 Options.max_bytes_for_level_multiplier_addtl[6]: 1
2022/06/27-13:23:35.727311 7f13bfc81c80       Options.max_sequential_skip_in_iterations: 8
2022/06/27-13:23:35.727311 7f13bfc81c80                    Options.max_compaction_bytes: 1677721600
2022/06/27-13:23:35.727312 7f13bfc81c80                        Options.arena_block_size: 8388608
2022/06/27-13:23:35.727313 7f13bfc81c80   Options.soft_pending_compaction_bytes_limit: 68719476736
2022/06/27-13:23:35.727313 7f13bfc81c80   Options.hard_pending_compaction_bytes_limit: 274877906944
2022/06/27-13:23:35.727314 7f13bfc81c80       Options.rate_limit_delay_max_milliseconds: 100
2022/06/27-13:23:35.727315 7f13bfc81c80                Options.disable_auto_compactions: 1
2022/06/27-13:23:35.727316 7f13bfc81c80                        Options.compaction_style: kCompactionStyleLevel
2022/06/27-13:23:35.727318 7f13bfc81c80                          Options.compaction_pri: kMinOverlappingRatio
2022/06/27-13:23:35.727319 7f13bfc81c80 Options.compaction_options_universal.size_ratio: 1
2022/06/27-13:23:35.727320 7f13bfc81c80 Options.compaction_options_universal.min_merge_width: 2
2022/06/27-13:23:35.727321 7f13bfc81c80 Options.compaction_options_universal.max_merge_width: 4294967295
2022/06/27-13:23:35.727322 7f13bfc81c80 Options.compaction_options_universal.max_size_amplification_percent: 200
2022/06/27-13:23:35.727322 7f13bfc81c80 Options.compaction_options_universal.compression_size_percent: -1
2022/06/27-13:23:35.727323 7f13bfc81c80 Options.compaction_options_universal.stop_style: kCompactionStopStyleTotalSize
2022/06/27-13:23:35.727324 7f13bfc81c80 Options.compaction_options_fifo.max_table_files_size: 1073741824
2022/06/27-13:23:35.727324 7f13bfc81c80 Options.compaction_options_fifo.allow_compaction: 0
2022/06/27-13:23:35.727326 7f13bfc81c80                   Options.table_properties_collectors: 
2022/06/27-13:23:35.727327 7f13bfc81c80                   Options.inplace_update_support: 0
2022/06/27-13:23:35.727328 7f13bfc81c80                 Options.inplace_update_num_locks: 10000
2022/06/27-13:23:35.727328 7f13bfc81c80               Options.memtable_prefix_bloom_size_ratio: 0.000000
2022/06/27-13:23:35.727329 7f13bfc81c80               Options.memtable_whole_key_filtering: 0
2022/06/27-13:23:35.727330 7f13bfc81c80   Options.memtable_huge_page_size: 0
2022/06/27-13:23:35.727330 7f13bfc81c80                           Options.bloom_locality: 0
2022/06/27-13:23:35.727331 7f13bfc81c80                    Options.max_successive_merges: 0
2022/06/27-13:23:35.727332 7f13bfc81c80                Options.optimize_filters_for_hits: 0
2022/06/27-13:23:35.727332 7f13bfc81c80                Options.paranoid_file_checks: 0
2022/06/27-13:23:35.727333 7f13bfc81c80                Options.force_consistency_checks: 1
2022/06/27-13:23:35.727340 7f13bfc81c80                Options.report_bg_io_stats: 0
2022/06/27-13:23:35.727340 7f13bfc81c80                               Options.ttl: 2592000
2022/06/27-13:23:35.727341 7f13bfc81c80          Options.periodic_compaction_seconds: 2592000
2022/06/27-13:23:35.727342 7f13bfc81c80                    Options.enable_blob_files: false
2022/06/27-13:23:35.727342 7f13bfc81c80                        Options.min_blob_size: 0
2022/06/27-13:23:35.727343 7f13bfc81c80                       Options.blob_file_size: 268435456
2022/06/27-13:23:35.727343 7f13bfc81c80                Options.blob_compression_type: NoCompression
2022/06/27-13:23:35.727344 7f13bfc81c80       Options.enable_blob_garbage_collection: false
2022/06/27-13:23:35.727345 7f13bfc81c80   Options.blob_garbage_collection_age_cutoff: 0.250000
2022/06/27-13:23:35.727368 7f13bfc81c80 [db/db_impl/db_impl.cc:2654] Created column family [FZ] (ID 2)
2022/06/27-13:23:35.729908 7f13bfc81c80 [db/column_family.cc:595] --------------- Options for column family [NZ]:
2022/06/27-13:23:35.729911 7f13bfc81c80               Options.comparator: leveldb.BytewiseComparator
2022/06/27-13:23:35.729912 7f13bfc81c80           Options.merge_operator: None
2022/06/27-13:23:35.729913 7f13bfc81c80        Options.compaction_filter: filter_outdated
2022/06/27-13:23:35.729914 7f13bfc81c80        Options.compaction_filter_factory: None
2022/06/27-13:23:35.729914 7f13bfc81c80  Options.sst_partitioner_factory: None
2022/06/27-13:23:35.729915 7f13bfc81c80         Options.memtable_factory: SkipListFactory
2022/06/27-13:23:35.729916 7f13bfc81c80            Options.table_factory: BlockBasedTable
2022/06/27-13:23:35.729933 7f13bfc81c80            table_factory options:   flush_block_policy_factory: FlushBlockBySizePolicyFactory (0x558f36a7a8a0)
  cache_index_and_filter_blocks: 0
  cache_index_and_filter_blocks_with_high_priority: 1
  pin_l0_filter_and_index_blocks_in_cache: 0
  pin_top_level_index_and_filter: 1
  index_type: 0
  data_block_index_type: 0
  index_shortening: 1
  data_block_hash_table_util_ratio: 0.750000
  hash_index_allow_collision: 1
  checksum: 1
  no_block_cache: 0
  block_cache: 0x558f36a7a8f0
  block_cache_name: LRUCache
  block_cache_options:
    capacity : 8388608
    num_shard_bits : 4
    strict_capacity_limit : 0
    memory_allocator : None
    high_pri_pool_ratio: 0.000
  block_cache_compressed: (nil)
  persistent_cache: (nil)
  block_size: 4096
  block_size_deviation: 10
  block_restart_interval: 16
  index_block_restart_interval: 1
  metadata_block_size: 4096
  partition_filters: 0
  use_delta_encoding: 1
  filter_policy: nullptr
  whole_key_filtering: 1
  verify_compression: 0
  read_amp_bytes_per_bit: 0
  format_version: 4
  enable_index_compression: 1
  block_align: 0
2022/06/27-13:23:35.729934 7f13bfc81c80        Options.write_buffer_size: 67108864
2022/06/27-13:23:35.729934 7f13bfc81c80  Options.max_write_buffer_number: 2
2022/06/27-13:23:35.729935 7f13bfc81c80          Options.compression: NoCompression
2022/06/27-13:23:35.729936 7f13bfc81c80                  Options.bottommost_compression: Disabled
2022/06/27-13:23:35.729936 7f13bfc81c80       Options.prefix_extractor: nullptr
2022/06/27-13:23:35.729937 7f13bfc81c80   Options.memtable_insert_with_hint_prefix_extractor: nullptr
2022/06/27-13:23:35.729938 7f13bfc81c80             Options.num_levels: 7
2022/06/27-13:23:35.729938 7f13bfc81c80        Options.min_write_buffer_number_to_merge: 1
2022/06/27-13:23:35.729939 7f13bfc81c80     Options.max_write_buffer_number_to_maintain: 0
2022/06/27-13:23:35.729940 7f13bfc81c80     Options.max_write_buffer_size_to_maintain: 0
