2022/06/26-10:27:32.775235 7f783cc9bc80 RocksDB version: 6.17.0
2022/06/26-10:27:32.775292 7f783cc9bc80 Git sha 0
2022/06/26-10:27:32.775334 7f783cc9bc80 DB SUMMARY
2022/06/26-10:27:32.775336 7f783cc9bc80 DB Session ID:  XM7MTNDAXWY4QT2MYVDH
2022/06/26-10:27:32.775355 7f783cc9bc80 CURRENT file:  CURRENT
2022/06/26-10:27:32.775356 7f783cc9bc80 IDENTITY file:  IDENTITY
2022/06/26-10:27:32.775359 7f783cc9bc80 MANIFEST file:  MANIFEST-000045 size: 1089 Bytes
2022/06/26-10:27:32.775360 7f783cc9bc80 SST files in /home/alula/Downloads/dfxproject1/chang3/.dfx/state/replicated_state/node-100/ic_consensus_pool/certification dir, Total Num: 2, files: 000049.sst 000050.sst 
2022/06/26-10:27:32.775362 7f783cc9bc80 Write Ahead Log file in /home/alula/Downloads/dfxproject1/chang3/.dfx/state/replicated_state/node-100/ic_consensus_pool/certification: 000046.log size: 753755 ; 
2022/06/26-10:27:32.775363 7f783cc9bc80                         Options.error_if_exists: 0
2022/06/26-10:27:32.775364 7f783cc9bc80                       Options.create_if_missing: 1
2022/06/26-10:27:32.775365 7f783cc9bc80                         Options.paranoid_checks: 1
2022/06/26-10:27:32.775365 7f783cc9bc80                               Options.track_and_verify_wals_in_manifest: 0
2022/06/26-10:27:32.775366 7f783cc9bc80                                     Options.env: 0x55c9899ff920
2022/06/26-10:27:32.775367 7f783cc9bc80                                      Options.fs: Posix File System
2022/06/26-10:27:32.775368 7f783cc9bc80                                Options.info_log: 0x55c9cd96bd50
2022/06/26-10:27:32.775368 7f783cc9bc80                Options.max_file_opening_threads: 16
2022/06/26-10:27:32.775369 7f783cc9bc80                              Options.statistics: (nil)
2022/06/26-10:27:32.775370 7f783cc9bc80                               Options.use_fsync: 1
2022/06/26-10:27:32.775370 7f783cc9bc80                       Options.max_log_file_size: 0
2022/06/26-10:27:32.775371 7f783cc9bc80                  Options.max_manifest_file_size: 1073741824
2022/06/26-10:27:32.775372 7f783cc9bc80                   Options.log_file_time_to_roll: 0
2022/06/26-10:27:32.775372 7f783cc9bc80                       Options.keep_log_file_num: 1000
2022/06/26-10:27:32.775373 7f783cc9bc80                    Options.recycle_log_file_num: 0
2022/06/26-10:27:32.775374 7f783cc9bc80                         Options.allow_fallocate: 1
2022/06/26-10:27:32.775374 7f783cc9bc80                        Options.allow_mmap_reads: 0
2022/06/26-10:27:32.775375 7f783cc9bc80                       Options.allow_mmap_writes: 0
2022/06/26-10:27:32.775376 7f783cc9bc80                        Options.use_direct_reads: 0
2022/06/26-10:27:32.775376 7f783cc9bc80                        Options.use_direct_io_for_flush_and_compaction: 0
2022/06/26-10:27:32.775377 7f783cc9bc80          Options.create_missing_column_families: 1
2022/06/26-10:27:32.775378 7f783cc9bc80                              Options.db_log_dir: 
2022/06/26-10:27:32.775378 7f783cc9bc80                                 Options.wal_dir: /home/alula/Downloads/dfxproject1/chang3/.dfx/state/replicated_state/node-100/ic_consensus_pool/certification
2022/06/26-10:27:32.775379 7f783cc9bc80                Options.table_cache_numshardbits: 6
2022/06/26-10:27:32.775379 7f783cc9bc80                         Options.WAL_ttl_seconds: 0
2022/06/26-10:27:32.775380 7f783cc9bc80                       Options.WAL_size_limit_MB: 0
2022/06/26-10:27:32.775381 7f783cc9bc80                        Options.max_write_batch_group_size_bytes: 1048576
2022/06/26-10:27:32.775381 7f783cc9bc80             Options.manifest_preallocation_size: 4194304
2022/06/26-10:27:32.775382 7f783cc9bc80                     Options.is_fd_close_on_exec: 1
2022/06/26-10:27:32.775383 7f783cc9bc80                   Options.advise_random_on_open: 1
2022/06/26-10:27:32.775383 7f783cc9bc80                    Options.db_write_buffer_size: 0
2022/06/26-10:27:32.775384 7f783cc9bc80                    Options.write_buffer_manager: 0x55c9cd975f30
2022/06/26-10:27:32.775385 7f783cc9bc80         Options.access_hint_on_compaction_start: 1
2022/06/26-10:27:32.775385 7f783cc9bc80  Options.new_table_reader_for_compaction_inputs: 0
2022/06/26-10:27:32.775396 7f783cc9bc80           Options.random_access_max_buffer_size: 1048576
2022/06/26-10:27:32.775398 7f783cc9bc80                      Options.use_adaptive_mutex: 0
2022/06/26-10:27:32.775399 7f783cc9bc80                            Options.rate_limiter: (nil)
2022/06/26-10:27:32.775400 7f783cc9bc80     Options.sst_file_manager.rate_bytes_per_sec: 0
2022/06/26-10:27:32.775401 7f783cc9bc80                       Options.wal_recovery_mode: 2
2022/06/26-10:27:32.775402 7f783cc9bc80                  Options.enable_thread_tracking: 0
2022/06/26-10:27:32.775403 7f783cc9bc80                  Options.enable_pipelined_write: 0
2022/06/26-10:27:32.775404 7f783cc9bc80                  Options.unordered_write: 0
2022/06/26-10:27:32.775405 7f783cc9bc80         Options.allow_concurrent_memtable_write: 1
2022/06/26-10:27:32.775407 7f783cc9bc80      Options.enable_write_thread_adaptive_yield: 1
2022/06/26-10:27:32.775408 7f783cc9bc80             Options.write_thread_max_yield_usec: 100
2022/06/26-10:27:32.775409 7f783cc9bc80            Options.write_thread_slow_yield_usec: 3
2022/06/26-10:27:32.775410 7f783cc9bc80                               Options.row_cache: None
2022/06/26-10:27:32.775411 7f783cc9bc80                              Options.wal_filter: None
2022/06/26-10:27:32.775412 7f783cc9bc80             Options.avoid_flush_during_recovery: 0
2022/06/26-10:27:32.775414 7f783cc9bc80             Options.allow_ingest_behind: 0
2022/06/26-10:27:32.775414 7f783cc9bc80             Options.preserve_deletes: 0
2022/06/26-10:27:32.775415 7f783cc9bc80             Options.two_write_queues: 0
2022/06/26-10:27:32.775416 7f783cc9bc80             Options.manual_wal_flush: 0
2022/06/26-10:27:32.775416 7f783cc9bc80             Options.atomic_flush: 0
2022/06/26-10:27:32.775417 7f783cc9bc80             Options.avoid_unnecessary_blocking_io: 0
2022/06/26-10:27:32.775417 7f783cc9bc80                 Options.persist_stats_to_disk: 0
2022/06/26-10:27:32.775418 7f783cc9bc80                 Options.write_dbid_to_manifest: 0
2022/06/26-10:27:32.775419 7f783cc9bc80                 Options.log_readahead_size: 0
2022/06/26-10:27:32.775419 7f783cc9bc80                 Options.file_checksum_gen_factory: Unknown
2022/06/26-10:27:32.775420 7f783cc9bc80                 Options.best_efforts_recovery: 0
2022/06/26-10:27:32.775421 7f783cc9bc80                Options.max_bgerror_resume_count: 2147483647
2022/06/26-10:27:32.775421 7f783cc9bc80            Options.bgerror_resume_retry_interval: 1000000
2022/06/26-10:27:32.775422 7f783cc9bc80             Options.allow_data_in_errors: 0
2022/06/26-10:27:32.775423 7f783cc9bc80             Options.db_host_id: __hostname__
2022/06/26-10:27:32.775423 7f783cc9bc80             Options.max_background_jobs: 2
2022/06/26-10:27:32.775424 7f783cc9bc80             Options.max_background_compactions: -1
2022/06/26-10:27:32.775425 7f783cc9bc80             Options.max_subcompactions: 1
2022/06/26-10:27:32.775425 7f783cc9bc80             Options.avoid_flush_during_shutdown: 0
2022/06/26-10:27:32.775426 7f783cc9bc80           Options.writable_file_max_buffer_size: 1048576
2022/06/26-10:27:32.775427 7f783cc9bc80             Options.delayed_write_rate : 16777216
2022/06/26-10:27:32.775427 7f783cc9bc80             Options.max_total_wal_size: 0
2022/06/26-10:27:32.775428 7f783cc9bc80             Options.delete_obsolete_files_period_micros: 21600000000
2022/06/26-10:27:32.775429 7f783cc9bc80                   Options.stats_dump_period_sec: 600
2022/06/26-10:27:32.775429 7f783cc9bc80                 Options.stats_persist_period_sec: 600
2022/06/26-10:27:32.775430 7f783cc9bc80                 Options.stats_history_buffer_size: 1048576
2022/06/26-10:27:32.775431 7f783cc9bc80                          Options.max_open_files: -1
2022/06/26-10:27:32.775431 7f783cc9bc80                          Options.bytes_per_sync: 0
2022/06/26-10:27:32.775432 7f783cc9bc80                      Options.wal_bytes_per_sync: 0
2022/06/26-10:27:32.775433 7f783cc9bc80                   Options.strict_bytes_per_sync: 0
2022/06/26-10:27:32.775441 7f783cc9bc80       Options.compaction_readahead_size: 0
2022/06/26-10:27:32.775442 7f783cc9bc80                  Options.max_background_flushes: -1
2022/06/26-10:27:32.775443 7f783cc9bc80 Compression algorithms supported:
2022/06/26-10:27:32.775445 7f783cc9bc80 	kZSTDNotFinalCompression supported: 1
2022/06/26-10:27:32.775447 7f783cc9bc80 	kZSTD supported: 1
2022/06/26-10:27:32.775448 7f783cc9bc80 	kXpressCompression supported: 0
2022/06/26-10:27:32.775450 7f783cc9bc80 	kLZ4HCCompression supported: 1
2022/06/26-10:27:32.775451 7f783cc9bc80 	kLZ4Compression supported: 1
2022/06/26-10:27:32.775452 7f783cc9bc80 	kBZip2Compression supported: 1
2022/06/26-10:27:32.775453 7f783cc9bc80 	kZlibCompression supported: 1
2022/06/26-10:27:32.775455 7f783cc9bc80 	kSnappyCompression supported: 1
2022/06/26-10:27:32.775457 7f783cc9bc80 Fast CRC32 supported: Supported on x86
2022/06/26-10:27:32.775729 7f783cc9bc80 [db/version_set.cc:4758] Recovering from manifest file: /home/alula/Downloads/dfxproject1/chang3/.dfx/state/replicated_state/node-100/ic_consensus_pool/certification/MANIFEST-000045
2022/06/26-10:27:32.776035 7f783cc9bc80 [db/column_family.cc:595] --------------- Options for column family [default]:
2022/06/26-10:27:32.776040 7f783cc9bc80               Options.comparator: leveldb.BytewiseComparator
2022/06/26-10:27:32.776043 7f783cc9bc80           Options.merge_operator: None
2022/06/26-10:27:32.776044 7f783cc9bc80        Options.compaction_filter: None
2022/06/26-10:27:32.776045 7f783cc9bc80        Options.compaction_filter_factory: None
2022/06/26-10:27:32.776047 7f783cc9bc80  Options.sst_partitioner_factory: None
2022/06/26-10:27:32.776048 7f783cc9bc80         Options.memtable_factory: SkipListFactory
2022/06/26-10:27:32.776049 7f783cc9bc80            Options.table_factory: BlockBasedTable
2022/06/26-10:27:32.776077 7f783cc9bc80            table_factory options:   flush_block_policy_factory: FlushBlockBySizePolicyFactory (0x55c9cd87bae0)
  cache_index_and_filter_blocks: 0
  cache_index_and_filter_blocks_with_high_priority: 1
  pin_l0_filter_and_index_blocks_in_cache: 0
  pin_top_level_index_and_filter: 1
  index_type: 0
  data_block_index_type: 0
  index_shortening: 1
  data_block_hash_table_util_ratio: 0.750000
  hash_index_allow_collision: 1
  checksum: 1
  no_block_cache: 0
  block_cache: 0x55c9cd94b180
  block_cache_name: LRUCache
  block_cache_options:
    capacity : 8388608
    num_shard_bits : 4
    strict_capacity_limit : 0
    memory_allocator : None
    high_pri_pool_ratio: 0.000
  block_cache_compressed: (nil)
  persistent_cache: (nil)
  block_size: 4096
  block_size_deviation: 10
  block_restart_interval: 16
  index_block_restart_interval: 1
  metadata_block_size: 4096
  partition_filters: 0
  use_delta_encoding: 1
  filter_policy: nullptr
  whole_key_filtering: 1
  verify_compression: 0
  read_amp_bytes_per_bit: 0
  format_version: 4
  enable_index_compression: 1
  block_align: 0
2022/06/26-10:27:32.776079 7f783cc9bc80        Options.write_buffer_size: 67108864
2022/06/26-10:27:32.776080 7f783cc9bc80  Options.max_write_buffer_number: 2
2022/06/26-10:27:32.776082 7f783cc9bc80          Options.compression: Snappy
2022/06/26-10:27:32.776083 7f783cc9bc80                  Options.bottommost_compression: Disabled
2022/06/26-10:27:32.776084 7f783cc9bc80       Options.prefix_extractor: nullptr
2022/06/26-10:27:32.776085 7f783cc9bc80   Options.memtable_insert_with_hint_prefix_extractor: nullptr
2022/06/26-10:27:32.776086 7f783cc9bc80             Options.num_levels: 7
2022/06/26-10:27:32.776087 7f783cc9bc80        Options.min_write_buffer_number_to_merge: 1
2022/06/26-10:27:32.776088 7f783cc9bc80     Options.max_write_buffer_number_to_maintain: 0
2022/06/26-10:27:32.776089 7f783cc9bc80     Options.max_write_buffer_size_to_maintain: 0
2022/06/26-10:27:32.776090 7f783cc9bc80            Options.bottommost_compression_opts.window_bits: -14
2022/06/26-10:27:32.776091 7f783cc9bc80                  Options.bottommost_compression_opts.level: 32767
2022/06/26-10:27:32.776093 7f783cc9bc80               Options.bottommost_compression_opts.strategy: 0
2022/06/26-10:27:32.776114 7f783cc9bc80         Options.bottommost_compression_opts.max_dict_bytes: 0
2022/06/26-10:27:32.776116 7f783cc9bc80         Options.bottommost_compression_opts.zstd_max_train_bytes: 0
2022/06/26-10:27:32.776117 7f783cc9bc80         Options.bottommost_compression_opts.parallel_threads: 1
2022/06/26-10:27:32.776118 7f783cc9bc80                  Options.bottommost_compression_opts.enabled: false
2022/06/26-10:27:32.776120 7f783cc9bc80            Options.compression_opts.window_bits: -14
2022/06/26-10:27:32.776121 7f783cc9bc80                  Options.compression_opts.level: 32767
2022/06/26-10:27:32.776122 7f783cc9bc80               Options.compression_opts.strategy: 0
2022/06/26-10:27:32.776123 7f783cc9bc80         Options.compression_opts.max_dict_bytes: 0
2022/06/26-10:27:32.776124 7f783cc9bc80         Options.compression_opts.zstd_max_train_bytes: 0
2022/06/26-10:27:32.776125 7f783cc9bc80         Options.compression_opts.parallel_threads: 1
2022/06/26-10:27:32.776126 7f783cc9bc80                  Options.compression_opts.enabled: false
2022/06/26-10:27:32.776127 7f783cc9bc80      Options.level0_file_num_compaction_trigger: 4
2022/06/26-10:27:32.776129 7f783cc9bc80          Options.level0_slowdown_writes_trigger: 20
2022/06/26-10:27:32.776130 7f783cc9bc80              Options.level0_stop_writes_trigger: 36
2022/06/26-10:27:32.776131 7f783cc9bc80                   Options.target_file_size_base: 67108864
2022/06/26-10:27:32.776133 7f783cc9bc80             Options.target_file_size_multiplier: 1
2022/06/26-10:27:32.776134 7f783cc9bc80                Options.max_bytes_for_level_base: 268435456
2022/06/26-10:27:32.776135 7f783cc9bc80 Options.level_compaction_dynamic_level_bytes: 0
2022/06/26-10:27:32.776136 7f783cc9bc80          Options.max_bytes_for_level_multiplier: 10.000000
2022/06/26-10:27:32.776139 7f783cc9bc80 Options.max_bytes_for_level_multiplier_addtl[0]: 1
2022/06/26-10:27:32.776141 7f783cc9bc80 Options.max_bytes_for_level_multiplier_addtl[1]: 1
2022/06/26-10:27:32.776142 7f783cc9bc80 Options.max_bytes_for_level_multiplier_addtl[2]: 1
2022/06/26-10:27:32.776143 7f783cc9bc80 Options.max_bytes_for_level_multiplier_addtl[3]: 1
2022/06/26-10:27:32.776144 7f783cc9bc80 Options.max_bytes_for_level_multiplier_addtl[4]: 1
2022/06/26-10:27:32.776145 7f783cc9bc80 Options.max_bytes_for_level_multiplier_addtl[5]: 1
2022/06/26-10:27:32.776147 7f783cc9bc80 Options.max_bytes_for_level_multiplier_addtl[6]: 1
2022/06/26-10:27:32.776148 7f783cc9bc80       Options.max_sequential_skip_in_iterations: 8
2022/06/26-10:27:32.776149 7f783cc9bc80                    Options.max_compaction_bytes: 1677721600
2022/06/26-10:27:32.776150 7f783cc9bc80                        Options.arena_block_size: 8388608
2022/06/26-10:27:32.776151 7f783cc9bc80   Options.soft_pending_compaction_bytes_limit: 68719476736
2022/06/26-10:27:32.776153 7f783cc9bc80   Options.hard_pending_compaction_bytes_limit: 274877906944
2022/06/26-10:27:32.776154 7f783cc9bc80       Options.rate_limit_delay_max_milliseconds: 100
2022/06/26-10:27:32.776155 7f783cc9bc80                Options.disable_auto_compactions: 0
2022/06/26-10:27:32.776157 7f783cc9bc80                        Options.compaction_style: kCompactionStyleLevel
2022/06/26-10:27:32.776159 7f783cc9bc80                          Options.compaction_pri: kMinOverlappingRatio
2022/06/26-10:27:32.776160 7f783cc9bc80 Options.compaction_options_universal.size_ratio: 1
2022/06/26-10:27:32.776162 7f783cc9bc80 Options.compaction_options_universal.min_merge_width: 2
2022/06/26-10:27:32.776163 7f783cc9bc80 Options.compaction_options_universal.max_merge_width: 4294967295
2022/06/26-10:27:32.776164 7f783cc9bc80 Options.compaction_options_universal.max_size_amplification_percent: 200
2022/06/26-10:27:32.776165 7f783cc9bc80 Options.compaction_options_universal.compression_size_percent: -1
2022/06/26-10:27:32.776167 7f783cc9bc80 Options.compaction_options_universal.stop_style: kCompactionStopStyleTotalSize
2022/06/26-10:27:32.776168 7f783cc9bc80 Options.compaction_options_fifo.max_table_files_size: 1073741824
2022/06/26-10:27:32.776179 7f783cc9bc80 Options.compaction_options_fifo.allow_compaction: 0
2022/06/26-10:27:32.776187 7f783cc9bc80                   Options.table_properties_collectors: 
2022/06/26-10:27:32.776188 7f783cc9bc80                   Options.inplace_update_support: 0
2022/06/26-10:27:32.776190 7f783cc9bc80                 Options.inplace_update_num_locks: 10000
2022/06/26-10:27:32.776191 7f783cc9bc80               Options.memtable_prefix_bloom_size_ratio: 0.000000
2022/06/26-10:27:32.776193 7f783cc9bc80               Options.memtable_whole_key_filtering: 0
2022/06/26-10:27:32.776194 7f783cc9bc80   Options.memtable_huge_page_size: 0
2022/06/26-10:27:32.776195 7f783cc9bc80                           Options.bloom_locality: 0
2022/06/26-10:27:32.776196 7f783cc9bc80                    Options.max_successive_merges: 0
2022/06/26-10:27:32.776197 7f783cc9bc80                Options.optimize_filters_for_hits: 0
2022/06/26-10:27:32.776198 7f783cc9bc80                Options.paranoid_file_checks: 0
2022/06/26-10:27:32.776200 7f783cc9bc80                Options.force_consistency_checks: 1
2022/06/26-10:27:32.776201 7f783cc9bc80                Options.report_bg_io_stats: 0
2022/06/26-10:27:32.776202 7f783cc9bc80                               Options.ttl: 2592000
2022/06/26-10:27:32.776203 7f783cc9bc80          Options.periodic_compaction_seconds: 0
2022/06/26-10:27:32.776204 7f783cc9bc80                    Options.enable_blob_files: false
2022/06/26-10:27:32.776205 7f783cc9bc80                        Options.min_blob_size: 0
2022/06/26-10:27:32.776206 7f783cc9bc80                       Options.blob_file_size: 268435456
2022/06/26-10:27:32.776207 7f783cc9bc80                Options.blob_compression_type: NoCompression
2022/06/26-10:27:32.776209 7f783cc9bc80       Options.enable_blob_garbage_collection: false
2022/06/26-10:27:32.776210 7f783cc9bc80   Options.blob_garbage_collection_age_cutoff: 0.250000
2022/06/26-10:27:32.776383 7f783cc9bc80 [db/column_family.cc:595] --------------- Options for column family [CE]:
2022/06/26-10:27:32.776385 7f783cc9bc80               Options.comparator: leveldb.BytewiseComparator
2022/06/26-10:27:32.776386 7f783cc9bc80           Options.merge_operator: None
2022/06/26-10:27:32.776388 7f783cc9bc80        Options.compaction_filter: filter_outdated
2022/06/26-10:27:32.776389 7f783cc9bc80        Options.compaction_filter_factory: None
2022/06/26-10:27:32.776390 7f783cc9bc80  Options.sst_partitioner_factory: None
2022/06/26-10:27:32.776390 7f783cc9bc80         Options.memtable_factory: SkipListFactory
2022/06/26-10:27:32.776391 7f783cc9bc80            Options.table_factory: BlockBasedTable
2022/06/26-10:27:32.776404 7f783cc9bc80            table_factory options:   flush_block_policy_factory: FlushBlockBySizePolicyFactory (0x55c9cd8df7d0)
  cache_index_and_filter_blocks: 0
  cache_index_and_filter_blocks_with_high_priority: 1
  pin_l0_filter_and_index_blocks_in_cache: 0
  pin_top_level_index_and_filter: 1
  index_type: 0
  data_block_index_type: 0
  index_shortening: 1
  data_block_hash_table_util_ratio: 0.750000
  hash_index_allow_collision: 1
  checksum: 1
  no_block_cache: 0
  block_cache: 0x55c9cd96d6a0
  block_cache_name: LRUCache
  block_cache_options:
    capacity : 8388608
    num_shard_bits : 4
    strict_capacity_limit : 0
    memory_allocator : None
    high_pri_pool_ratio: 0.000
  block_cache_compressed: (nil)
  persistent_cache: (nil)
  block_size: 4096
  block_size_deviation: 10
  block_restart_interval: 16
  index_block_restart_interval: 1
  metadata_block_size: 4096
  partition_filters: 0
  use_delta_encoding: 1
  filter_policy: nullptr
  whole_key_filtering: 1
  verify_compression: 0
  read_amp_bytes_per_bit: 0
  format_version: 4
  enable_index_compression: 1
  block_align: 0
2022/06/26-10:27:32.776405 7f783cc9bc80        Options.write_buffer_size: 67108864
2022/06/26-10:27:32.776406 7f783cc9bc80  Options.max_write_buffer_number: 2
2022/06/26-10:27:32.776407 7f783cc9bc80          Options.compression: NoCompression
2022/06/26-10:27:32.776422 7f783cc9bc80                  Options.bottommost_compression: Disabled
2022/06/26-10:27:32.776423 7f783cc9bc80       Options.prefix_extractor: nullptr
2022/06/26-10:27:32.776425 7f783cc9bc80   Options.memtable_insert_with_hint_prefix_extractor: nullptr
2022/06/26-10:27:32.776426 7f783cc9bc80             Options.num_levels: 7
2022/06/26-10:27:32.776427 7f783cc9bc80        Options.min_write_buffer_number_to_merge: 1
2022/06/26-10:27:32.776427 7f783cc9bc80     Options.max_write_buffer_number_to_maintain: 0
2022/06/26-10:27:32.776428 7f783cc9bc80     Options.max_write_buffer_size_to_maintain: 0
2022/06/26-10:27:32.776429 7f783cc9bc80            Options.bottommost_compression_opts.window_bits: -14
2022/06/26-10:27:32.776430 7f783cc9bc80                  Options.bottommost_compression_opts.level: 32767
2022/06/26-10:27:32.776431 7f783cc9bc80               Options.bottommost_compression_opts.strategy: 0
2022/06/26-10:27:32.776432 7f783cc9bc80         Options.bottommost_compression_opts.max_dict_bytes: 0
2022/06/26-10:27:32.776433 7f783cc9bc80         Options.bottommost_compression_opts.zstd_max_train_bytes: 0
2022/06/26-10:27:32.776434 7f783cc9bc80         Options.bottommost_compression_opts.parallel_threads: 1
2022/06/26-10:27:32.776435 7f783cc9bc80                  Options.bottommost_compression_opts.enabled: false
2022/06/26-10:27:32.776436 7f783cc9bc80            Options.compression_opts.window_bits: -14
2022/06/26-10:27:32.776437 7f783cc9bc80                  Options.compression_opts.level: 32767
2022/06/26-10:27:32.776438 7f783cc9bc80               Options.compression_opts.strategy: 0
2022/06/26-10:27:32.776439 7f783cc9bc80         Options.compression_opts.max_dict_bytes: 0
2022/06/26-10:27:32.776440 7f783cc9bc80         Options.compression_opts.zstd_max_train_bytes: 0
2022/06/26-10:27:32.776441 7f783cc9bc80         Options.compression_opts.parallel_threads: 1
2022/06/26-10:27:32.776441 7f783cc9bc80                  Options.compression_opts.enabled: false
2022/06/26-10:27:32.776442 7f783cc9bc80      Options.level0_file_num_compaction_trigger: 4
2022/06/26-10:27:32.776443 7f783cc9bc80          Options.level0_slowdown_writes_trigger: 20
2022/06/26-10:27:32.776444 7f783cc9bc80              Options.level0_stop_writes_trigger: 36
2022/06/26-10:27:32.776445 7f783cc9bc80                   Options.target_file_size_base: 67108864
2022/06/26-10:27:32.776446 7f783cc9bc80             Options.target_file_size_multiplier: 1
2022/06/26-10:27:32.776447 7f783cc9bc80                Options.max_bytes_for_level_base: 268435456
2022/06/26-10:27:32.776449 7f783cc9bc80 Options.level_compaction_dynamic_level_bytes: 0
2022/06/26-10:27:32.776450 7f783cc9bc80          Options.max_bytes_for_level_multiplier: 10.000000
2022/06/26-10:27:32.776452 7f783cc9bc80 Options.max_bytes_for_level_multiplier_addtl[0]: 1
2022/06/26-10:27:32.776453 7f783cc9bc80 Options.max_bytes_for_level_multiplier_addtl[1]: 1
2022/06/26-10:27:32.776454 7f783cc9bc80 Options.max_bytes_for_level_multiplier_addtl[2]: 1
2022/06/26-10:27:32.776455 7f783cc9bc80 Options.max_bytes_for_level_multiplier_addtl[3]: 1
2022/06/26-10:27:32.776457 7f783cc9bc80 Options.max_bytes_for_level_multiplier_addtl[4]: 1
2022/06/26-10:27:32.776458 7f783cc9bc80 Options.max_bytes_for_level_multiplier_addtl[5]: 1
2022/06/26-10:27:32.776458 7f783cc9bc80 Options.max_bytes_for_level_multiplier_addtl[6]: 1
2022/06/26-10:27:32.776459 7f783cc9bc80       Options.max_sequential_skip_in_iterations: 8
2022/06/26-10:27:32.776460 7f783cc9bc80                    Options.max_compaction_bytes: 1677721600
2022/06/26-10:27:32.776460 7f783cc9bc80                        Options.arena_block_size: 8388608
2022/06/26-10:27:32.776461 7f783cc9bc80   Options.soft_pending_compaction_bytes_limit: 68719476736
2022/06/26-10:27:32.776462 7f783cc9bc80   Options.hard_pending_compaction_bytes_limit: 274877906944
2022/06/26-10:27:32.776463 7f783cc9bc80       Options.rate_limit_delay_max_milliseconds: 100
2022/06/26-10:27:32.776463 7f783cc9bc80                Options.disable_auto_compactions: 1
2022/06/26-10:27:32.776465 7f783cc9bc80                        Options.compaction_style: kCompactionStyleLevel
2022/06/26-10:27:32.776491 7f783cc9bc80                          Options.compaction_pri: kMinOverlappingRatio
2022/06/26-10:27:32.776493 7f783cc9bc80 Options.compaction_options_universal.size_ratio: 1
2022/06/26-10:27:32.776494 7f783cc9bc80 Options.compaction_options_universal.min_merge_width: 2
2022/06/26-10:27:32.776495 7f783cc9bc80 Options.compaction_options_universal.max_merge_width: 4294967295
2022/06/26-10:27:32.776496 7f783cc9bc80 Options.compaction_options_universal.max_size_amplification_percent: 200
2022/06/26-10:27:32.776497 7f783cc9bc80 Options.compaction_options_universal.compression_size_percent: -1
2022/06/26-10:27:32.776499 7f783cc9bc80 Options.compaction_options_universal.stop_style: kCompactionStopStyleTotalSize
2022/06/26-10:27:32.776500 7f783cc9bc80 Options.compaction_options_fifo.max_table_files_size: 1073741824
2022/06/26-10:27:32.776501 7f783cc9bc80 Options.compaction_options_fifo.allow_compaction: 0
2022/06/26-10:27:32.776507 7f783cc9bc80                   Options.table_properties_collectors: 
2022/06/26-10:27:32.776508 7f783cc9bc80                   Options.inplace_update_support: 0
2022/06/26-10:27:32.776509 7f783cc9bc80                 Options.inplace_update_num_locks: 10000
2022/06/26-10:27:32.776509 7f783cc9bc80               Options.memtable_prefix_bloom_size_ratio: 0.000000
2022/06/26-10:27:32.776510 7f783cc9bc80               Options.memtable_whole_key_filtering: 0
2022/06/26-10:27:32.776511 7f783cc9bc80   Options.memtable_huge_page_size: 0
2022/06/26-10:27:32.776512 7f783cc9bc80                           Options.bloom_locality: 0
2022/06/26-10:27:32.776512 7f783cc9bc80                    Options.max_successive_merges: 0
2022/06/26-10:27:32.776513 7f783cc9bc80                Options.optimize_filters_for_hits: 0
2022/06/26-10:27:32.776513 7f783cc9bc80                Options.paranoid_file_checks: 0
2022/06/26-10:27:32.776514 7f783cc9bc80                Options.force_consistency_checks: 1
2022/06/26-10:27:32.776515 7f783cc9bc80                Options.report_bg_io_stats: 0
2022/06/26-10:27:32.776515 7f783cc9bc80                               Options.ttl: 2592000
2022/06/26-10:27:32.776516 7f783cc9bc80          Options.periodic_compaction_seconds: 2592000
2022/06/26-10:27:32.776517 7f783cc9bc80                    Options.enable_blob_files: false
2022/06/26-10:27:32.776517 7f783cc9bc80                        Options.min_blob_size: 0
2022/06/26-10:27:32.776518 7f783cc9bc80                       Options.blob_file_size: 268435456
2022/06/26-10:27:32.776519 7f783cc9bc80                Options.blob_compression_type: NoCompression
2022/06/26-10:27:32.776519 7f783cc9bc80       Options.enable_blob_garbage_collection: false
2022/06/26-10:27:32.776520 7f783cc9bc80   Options.blob_garbage_collection_age_cutoff: 0.250000
2022/06/26-10:27:32.776557 7f783cc9bc80 [db/column_family.cc:595] --------------- Options for column family [CES]:
2022/06/26-10:27:32.776559 7f783cc9bc80               Options.comparator: leveldb.BytewiseComparator
2022/06/26-10:27:32.776560 7f783cc9bc80           Options.merge_operator: None
2022/06/26-10:27:32.776560 7f783cc9bc80        Options.compaction_filter: filter_outdated
2022/06/26-10:27:32.776561 7f783cc9bc80        Options.compaction_filter_factory: None
2022/06/26-10:27:32.776562 7f783cc9bc80  Options.sst_partitioner_factory: None
2022/06/26-10:27:32.776563 7f783cc9bc80         Options.memtable_factory: SkipListFactory
2022/06/26-10:27:32.776563 7f783cc9bc80            Options.table_factory: BlockBasedTable
2022/06/26-10:27:32.776574 7f783cc9bc80            table_factory options:   flush_block_policy_factory: FlushBlockBySizePolicyFactory (0x55c9cd8844a0)
  cache_index_and_filter_blocks: 0
  cache_index_and_filter_blocks_with_high_priority: 1
  pin_l0_filter_and_index_blocks_in_cache: 0
  pin_top_level_index_and_filter: 1
  index_type: 0
  data_block_index_type: 0
  index_shortening: 1
  data_block_hash_table_util_ratio: 0.750000
  hash_index_allow_collision: 1
  checksum: 1
  no_block_cache: 0
  block_cache: 0x55c9cda45660
  block_cache_name: LRUCache
  block_cache_options:
    capacity : 8388608
    num_shard_bits : 4
    strict_capacity_limit : 0
    memory_allocator : None
    high_pri_pool_ratio: 0.000
  block_cache_compressed: (nil)
  persistent_cache: (nil)
  block_size: 4096
  block_size_deviation: 10
  block_restart_interval: 16
  index_block_restart_interval: 1
  metadata_block_size: 4096
  partition_filters: 0
  use_delta_encoding: 1
  filter_policy: nullptr
  whole_key_filtering: 1
  verify_compression: 0
  read_amp_bytes_per_bit: 0
  format_version: 4
  enable_index_compression: 1
  block_align: 0
2022/06/26-10:27:32.776584 7f783cc9bc80        Options.write_buffer_size: 67108864
2022/06/26-10:27:32.776585 7f783cc9bc80  Options.max_write_buffer_number: 2
2022/06/26-10:27:32.776586 7f783cc9bc80          Options.compression: NoCompression
2022/06/26-10:27:32.776587 7f783cc9bc80                  Options.bottommost_compression: Disabled
2022/06/26-10:27:32.776588 7f783cc9bc80       Options.prefix_extractor: nullptr
2022/06/26-10:27:32.776590 7f783cc9bc80   Options.memtable_insert_with_hint_prefix_extractor: nullptr
2022/06/26-10:27:32.776591 7f783cc9bc80             Options.num_levels: 7
2022/06/26-10:27:32.776592 7f783cc9bc80        Options.min_write_buffer_number_to_merge: 1
2022/06/26-10:27:32.776593 7f783cc9bc80     Options.max_write_buffer_number_to_maintain: 0
2022/06/26-10:27:32.776594 7f783cc9bc80     Options.max_write_buffer_size_to_maintain: 0
2022/06/26-10:27:32.776595 7f783cc9bc80            Options.bottommost_compression_opts.window_bits: -14
2022/06/26-10:27:32.776596 7f783cc9bc80                  Options.bottommost_compression_opts.level: 32767
2022/06/26-10:27:32.776597 7f783cc9bc80               Options.bottommost_compression_opts.strategy: 0
2022/06/26-10:27:32.776598 7f783cc9bc80         Options.bottommost_compression_opts.max_dict_bytes: 0
2022/06/26-10:27:32.776600 7f783cc9bc80         Options.bottommost_compression_opts.zstd_max_train_bytes: 0
2022/06/26-10:27:32.776601 7f783cc9bc80         Options.bottommost_compression_opts.parallel_threads: 1
2022/06/26-10:27:32.776602 7f783cc9bc80                  Options.bottommost_compression_opts.enabled: false
2022/06/26-10:27:32.776603 7f783cc9bc80            Options.compression_opts.window_bits: -14
2022/06/26-10:27:32.776604 7f783cc9bc80                  Options.compression_opts.level: 32767
2022/06/26-10:27:32.776604 7f783cc9bc80               Options.compression_opts.strategy: 0
2022/06/26-10:27:32.776605 7f783cc9bc80         Options.compression_opts.max_dict_bytes: 0
2022/06/26-10:27:32.776606 7f783cc9bc80         Options.compression_opts.zstd_max_train_bytes: 0
2022/06/26-10:27:32.776606 7f783cc9bc80         Options.compression_opts.parallel_threads: 1
2022/06/26-10:27:32.776607 7f783cc9bc80                  Options.compression_opts.enabled: false
2022/06/26-10:27:32.776608 7f783cc9bc80      Options.level0_file_num_compaction_trigger: 4
2022/06/26-10:27:32.776608 7f783cc9bc80          Options.level0_slowdown_writes_trigger: 20
2022/06/26-10:27:32.776609 7f783cc9bc80              Options.level0_stop_writes_trigger: 36
2022/06/26-10:27:32.776609 7f783cc9bc80                   Options.target_file_size_base: 67108864
2022/06/26-10:27:32.776610 7f783cc9bc80             Options.target_file_size_multiplier: 1
2022/06/26-10:27:32.776611 7f783cc9bc80                Options.max_bytes_for_level_base: 268435456
2022/06/26-10:27:32.776611 7f783cc9bc80 Options.level_compaction_dynamic_level_bytes: 0
2022/06/26-10:27:32.776612 7f783cc9bc80          Options.max_bytes_for_level_multiplier: 10.000000
2022/06/26-10:27:32.776613 7f783cc9bc80 Options.max_bytes_for_level_multiplier_addtl[0]: 1
2022/06/26-10:27:32.776614 7f783cc9bc80 Options.max_bytes_for_level_multiplier_addtl[1]: 1
2022/06/26-10:27:32.776615 7f783cc9bc80 Options.max_bytes_for_level_multiplier_addtl[2]: 1
2022/06/26-10:27:32.776615 7f783cc9bc80 Options.max_bytes_for_level_multiplier_addtl[3]: 1
2022/06/26-10:27:32.776616 7f783cc9bc80 Options.max_bytes_for_level_multiplier_addtl[4]: 1
2022/06/26-10:27:32.776624 7f783cc9bc80 Options.max_bytes_for_level_multiplier_addtl[5]: 1
2022/06/26-10:27:32.776626 7f783cc9bc80 Options.max_bytes_for_level_multiplier_addtl[6]: 1
2022/06/26-10:27:32.776627 7f783cc9bc80       Options.max_sequential_skip_in_iterations: 8
2022/06/26-10:27:32.776627 7f783cc9bc80                    Options.max_compaction_bytes: 1677721600
2022/06/26-10:27:32.776628 7f783cc9bc80                        Options.arena_block_size: 8388608
2022/06/26-10:27:32.776629 7f783cc9bc80   Options.soft_pending_compaction_bytes_limit: 68719476736
2022/06/26-10:27:32.776630 7f783cc9bc80   Options.hard_pending_compaction_bytes_limit: 274877906944
2022/06/26-10:27:32.776631 7f783cc9bc80       Options.rate_limit_delay_max_milliseconds: 100
2022/06/26-10:27:32.776632 7f783cc9bc80                Options.disable_auto_compactions: 1
2022/06/26-10:27:32.776634 7f783cc9bc80                        Options.compaction_style: kCompactionStyleLevel
2022/06/26-10:27:32.776635 7f783cc9bc80                          Options.compaction_pri: kMinOverlappingRatio
2022/06/26-10:27:32.776636 7f783cc9bc80 Options.compaction_options_universal.size_ratio: 1
2022/06/26-10:27:32.776637 7f783cc9bc80 Options.compaction_options_universal.min_merge_width: 2
2022/06/26-10:27:32.776638 7f783cc9bc80 Options.compaction_options_universal.max_merge_width: 4294967295
2022/06/26-10:27:32.776639 7f783cc9bc80 Options.compaction_options_universal.max_size_amplification_percent: 200
2022/06/26-10:27:32.776640 7f783cc9bc80 Options.compaction_options_universal.compression_size_percent: -1
2022/06/26-10:27:32.776643 7f783cc9bc80 Options.compaction_options_universal.stop_style: kCompactionStopStyleTotalSize
2022/06/26-10:27:32.776644 7f783cc9bc80 Options.compaction_options_fifo.max_table_files_size: 1073741824
2022/06/26-10:27:32.776645 7f783cc9bc80 Options.compaction_options_fifo.allow_compaction: 0
2022/06/26-10:27:32.776647 7f783cc9bc80                   Options.table_properties_collectors: 
2022/06/26-10:27:32.776648 7f783cc9bc80                   Options.inplace_update_support: 0
2022/06/26-10:27:32.776648 7f783cc9bc80                 Options.inplace_update_num_locks: 10000
2022/06/26-10:27:32.776649 7f783cc9bc80               Options.memtable_prefix_bloom_size_ratio: 0.000000
2022/06/26-10:27:32.776650 7f783cc9bc80               Options.memtable_whole_key_filtering: 0
2022/06/26-10:27:32.776651 7f783cc9bc80   Options.memtable_huge_page_size: 0
2022/06/26-10:27:32.776651 7f783cc9bc80                           Options.bloom_locality: 0
2022/06/26-10:27:32.776652 7f783cc9bc80                    Options.max_successive_merges: 0
2022/06/26-10:27:32.776652 7f783cc9bc80                Options.optimize_filters_for_hits: 0
2022/06/26-10:27:32.776653 7f783cc9bc80                Options.paranoid_file_checks: 0
2022/06/26-10:27:32.776654 7f783cc9bc80                Options.force_consistency_checks: 1
2022/06/26-10:27:32.776654 7f783cc9bc80                Options.report_bg_io_stats: 0
2022/06/26-10:27:32.776655 7f783cc9bc80                               Options.ttl: 2592000
2022/06/26-10:27:32.776656 7f783cc9bc80          Options.periodic_compaction_seconds: 2592000
2022/06/26-10:27:32.776656 7f783cc9bc80                    Options.enable_blob_files: false
2022/06/26-10:27:32.776657 7f783cc9bc80                        Options.min_blob_size: 0
2022/06/26-10:27:32.776658 7f783cc9bc80                       Options.blob_file_size: 268435456
2022/06/26-10:27:32.776658 7f783cc9bc80                Options.blob_compression_type: NoCompression
2022/06/26-10:27:32.776659 7f783cc9bc80       Options.enable_blob_garbage_collection: false
2022/06/26-10:27:32.776659 7f783cc9bc80   Options.blob_garbage_collection_age_cutoff: 0.250000
2022/06/26-10:27:32.778096 7f783cc9bc80 [db/version_set.cc:4798] Recovered from manifest file:/home/alula/Downloads/dfxproject1/chang3/.dfx/state/replicated_state/node-100/ic_consensus_pool/certification/MANIFEST-000045 succeeded,manifest_file_number is 45, next_file_number is 52, last_sequence is 48488, log_number is 39,prev_log_number is 0,max_column_family is 2,min_log_number_to_keep is 0
2022/06/26-10:27:32.778117 7f783cc9bc80 [db/version_set.cc:4813] Column family [default] (ID 0), log number is 39
2022/06/26-10:27:32.778119 7f783cc9bc80 [db/version_set.cc:4813] Column family [CE] (ID 1), log number is 39
2022/06/26-10:27:32.778121 7f783cc9bc80 [db/version_set.cc:4813] Column family [CES] (ID 2), log number is 39
2022/06/26-10:27:32.778294 7f783cc9bc80 [db/version_set.cc:4112] Creating manifest 52
2022/06/26-10:27:32.780262 7f783cc9bc80 EVENT_LOG_v1 {"time_micros": 1656214052780258, "job": 1, "event": "recovery_started", "wal_files": [46]}
2022/06/26-10:27:32.780265 7f783cc9bc80 [db/db_impl/db_impl_open.cc:847] Recovering log #46 mode 2
2022/06/26-10:27:32.783918 7f783cc9bc80 EVENT_LOG_v1 {"time_micros": 1656214052783902, "cf_name": "CE", "job": 1, "event": "table_file_creation", "file_number": 53, "file_size": 362673, "file_checksum": "", "file_checksum_func_name": "Unknown", "table_properties": {"data_size": 360093, "index_size": 1726, "index_partitions": 0, "top_level_index_size": 0, "index_key_is_user_key": 1, "index_value_is_delta_encoded": 1, "filter_size": 0, "raw_key_size": 84912, "raw_average_key_size": 48, "raw_value_size": 277733, "raw_average_value_size": 157, "num_data_blocks": 89, "num_entries": 1769, "num_deletions": 0, "num_merge_operands": 0, "num_range_deletions": 0, "format_version": 0, "fixed_key_len": 0, "filter_policy": "", "column_family_name": "CE", "column_family_id": 1, "comparator": "leveldb.BytewiseComparator", "merge_operator": "nullptr", "prefix_extractor_name": "nullptr", "property_collectors": "[]", "compression": "NoCompression", "compression_options": "window_bits=-14; level=32767; strategy=0; max_dict_bytes=0; zstd_max_train_bytes=0; enabled=0; ", "creation_time": 1656214052, "oldest_key_time": 0, "file_creation_time": 0, "db_id": "1e63d5a8-942d-4054-a15b-f0bfe0588361", "db_session_id": "XM7MTNDAXWY4QT2MYVDH"}}
