2022/06/25-12:35:26.978063 7f419493dc80 RocksDB version: 6.17.0
2022/06/25-12:35:26.978127 7f419493dc80 Git sha 0
2022/06/25-12:35:26.978180 7f419493dc80 DB SUMMARY
2022/06/25-12:35:26.978182 7f419493dc80 DB Session ID:  U97RPJDBQIOJE0T6KLPS
2022/06/25-12:35:26.978199 7f419493dc80 SST files in /home/alula/Downloads/dfxproject1/chang3/.dfx/state/replicated_state/node-100/ic_consensus_pool/certification dir, Total Num: 0, files: 
2022/06/25-12:35:26.978202 7f419493dc80 Write Ahead Log file in /home/alula/Downloads/dfxproject1/chang3/.dfx/state/replicated_state/node-100/ic_consensus_pool/certification: 
2022/06/25-12:35:26.978203 7f419493dc80                         Options.error_if_exists: 0
2022/06/25-12:35:26.978204 7f419493dc80                       Options.create_if_missing: 1
2022/06/25-12:35:26.978205 7f419493dc80                         Options.paranoid_checks: 1
2022/06/25-12:35:26.978207 7f419493dc80                               Options.track_and_verify_wals_in_manifest: 0
2022/06/25-12:35:26.978208 7f419493dc80                                     Options.env: 0x56357558a920
2022/06/25-12:35:26.978209 7f419493dc80                                      Options.fs: Posix File System
2022/06/25-12:35:26.978210 7f419493dc80                                Options.info_log: 0x5635b96f4f60
2022/06/25-12:35:26.978211 7f419493dc80                Options.max_file_opening_threads: 16
2022/06/25-12:35:26.978212 7f419493dc80                              Options.statistics: (nil)
2022/06/25-12:35:26.978213 7f419493dc80                               Options.use_fsync: 1
2022/06/25-12:35:26.978214 7f419493dc80                       Options.max_log_file_size: 0
2022/06/25-12:35:26.978215 7f419493dc80                  Options.max_manifest_file_size: 1073741824
2022/06/25-12:35:26.978217 7f419493dc80                   Options.log_file_time_to_roll: 0
2022/06/25-12:35:26.978218 7f419493dc80                       Options.keep_log_file_num: 1000
2022/06/25-12:35:26.978219 7f419493dc80                    Options.recycle_log_file_num: 0
2022/06/25-12:35:26.978220 7f419493dc80                         Options.allow_fallocate: 1
2022/06/25-12:35:26.978221 7f419493dc80                        Options.allow_mmap_reads: 0
2022/06/25-12:35:26.978222 7f419493dc80                       Options.allow_mmap_writes: 0
2022/06/25-12:35:26.978223 7f419493dc80                        Options.use_direct_reads: 0
2022/06/25-12:35:26.978224 7f419493dc80                        Options.use_direct_io_for_flush_and_compaction: 0
2022/06/25-12:35:26.978225 7f419493dc80          Options.create_missing_column_families: 1
2022/06/25-12:35:26.978226 7f419493dc80                              Options.db_log_dir: 
2022/06/25-12:35:26.978227 7f419493dc80                                 Options.wal_dir: /home/alula/Downloads/dfxproject1/chang3/.dfx/state/replicated_state/node-100/ic_consensus_pool/certification
2022/06/25-12:35:26.978228 7f419493dc80                Options.table_cache_numshardbits: 6
2022/06/25-12:35:26.978229 7f419493dc80                         Options.WAL_ttl_seconds: 0
2022/06/25-12:35:26.978230 7f419493dc80                       Options.WAL_size_limit_MB: 0
2022/06/25-12:35:26.978231 7f419493dc80                        Options.max_write_batch_group_size_bytes: 1048576
2022/06/25-12:35:26.978232 7f419493dc80             Options.manifest_preallocation_size: 4194304
2022/06/25-12:35:26.978233 7f419493dc80                     Options.is_fd_close_on_exec: 1
2022/06/25-12:35:26.978234 7f419493dc80                   Options.advise_random_on_open: 1
2022/06/25-12:35:26.978235 7f419493dc80                    Options.db_write_buffer_size: 0
2022/06/25-12:35:26.978236 7f419493dc80                    Options.write_buffer_manager: 0x5635b980f990
2022/06/25-12:35:26.978237 7f419493dc80         Options.access_hint_on_compaction_start: 1
2022/06/25-12:35:26.978238 7f419493dc80  Options.new_table_reader_for_compaction_inputs: 0
2022/06/25-12:35:26.978239 7f419493dc80           Options.random_access_max_buffer_size: 1048576
2022/06/25-12:35:26.978240 7f419493dc80                      Options.use_adaptive_mutex: 0
2022/06/25-12:35:26.978241 7f419493dc80                            Options.rate_limiter: (nil)
2022/06/25-12:35:26.978252 7f419493dc80     Options.sst_file_manager.rate_bytes_per_sec: 0
2022/06/25-12:35:26.978253 7f419493dc80                       Options.wal_recovery_mode: 2
2022/06/25-12:35:26.978254 7f419493dc80                  Options.enable_thread_tracking: 0
2022/06/25-12:35:26.978255 7f419493dc80                  Options.enable_pipelined_write: 0
2022/06/25-12:35:26.978255 7f419493dc80                  Options.unordered_write: 0
2022/06/25-12:35:26.978256 7f419493dc80         Options.allow_concurrent_memtable_write: 1
2022/06/25-12:35:26.978256 7f419493dc80      Options.enable_write_thread_adaptive_yield: 1
2022/06/25-12:35:26.978257 7f419493dc80             Options.write_thread_max_yield_usec: 100
2022/06/25-12:35:26.978258 7f419493dc80            Options.write_thread_slow_yield_usec: 3
2022/06/25-12:35:26.978258 7f419493dc80                               Options.row_cache: None
2022/06/25-12:35:26.978259 7f419493dc80                              Options.wal_filter: None
2022/06/25-12:35:26.978260 7f419493dc80             Options.avoid_flush_during_recovery: 0
2022/06/25-12:35:26.978261 7f419493dc80             Options.allow_ingest_behind: 0
2022/06/25-12:35:26.978261 7f419493dc80             Options.preserve_deletes: 0
2022/06/25-12:35:26.978262 7f419493dc80             Options.two_write_queues: 0
2022/06/25-12:35:26.978263 7f419493dc80             Options.manual_wal_flush: 0
2022/06/25-12:35:26.978263 7f419493dc80             Options.atomic_flush: 0
2022/06/25-12:35:26.978264 7f419493dc80             Options.avoid_unnecessary_blocking_io: 0
2022/06/25-12:35:26.978264 7f419493dc80                 Options.persist_stats_to_disk: 0
2022/06/25-12:35:26.978265 7f419493dc80                 Options.write_dbid_to_manifest: 0
2022/06/25-12:35:26.978266 7f419493dc80                 Options.log_readahead_size: 0
2022/06/25-12:35:26.978266 7f419493dc80                 Options.file_checksum_gen_factory: Unknown
2022/06/25-12:35:26.978267 7f419493dc80                 Options.best_efforts_recovery: 0
2022/06/25-12:35:26.978268 7f419493dc80                Options.max_bgerror_resume_count: 2147483647
2022/06/25-12:35:26.978268 7f419493dc80            Options.bgerror_resume_retry_interval: 1000000
2022/06/25-12:35:26.978269 7f419493dc80             Options.allow_data_in_errors: 0
2022/06/25-12:35:26.978269 7f419493dc80             Options.db_host_id: __hostname__
2022/06/25-12:35:26.978270 7f419493dc80             Options.max_background_jobs: 2
2022/06/25-12:35:26.978271 7f419493dc80             Options.max_background_compactions: -1
2022/06/25-12:35:26.978271 7f419493dc80             Options.max_subcompactions: 1
2022/06/25-12:35:26.978272 7f419493dc80             Options.avoid_flush_during_shutdown: 0
2022/06/25-12:35:26.978273 7f419493dc80           Options.writable_file_max_buffer_size: 1048576
2022/06/25-12:35:26.978273 7f419493dc80             Options.delayed_write_rate : 16777216
2022/06/25-12:35:26.978274 7f419493dc80             Options.max_total_wal_size: 0
2022/06/25-12:35:26.978275 7f419493dc80             Options.delete_obsolete_files_period_micros: 21600000000
2022/06/25-12:35:26.978275 7f419493dc80                   Options.stats_dump_period_sec: 600
2022/06/25-12:35:26.978276 7f419493dc80                 Options.stats_persist_period_sec: 600
2022/06/25-12:35:26.978277 7f419493dc80                 Options.stats_history_buffer_size: 1048576
2022/06/25-12:35:26.978277 7f419493dc80                          Options.max_open_files: -1
2022/06/25-12:35:26.978278 7f419493dc80                          Options.bytes_per_sync: 0
2022/06/25-12:35:26.978278 7f419493dc80                      Options.wal_bytes_per_sync: 0
2022/06/25-12:35:26.978279 7f419493dc80                   Options.strict_bytes_per_sync: 0
2022/06/25-12:35:26.978280 7f419493dc80       Options.compaction_readahead_size: 0
2022/06/25-12:35:26.978280 7f419493dc80                  Options.max_background_flushes: -1
2022/06/25-12:35:26.978281 7f419493dc80 Compression algorithms supported:
2022/06/25-12:35:26.978286 7f419493dc80 	kZSTDNotFinalCompression supported: 1
2022/06/25-12:35:26.978287 7f419493dc80 	kZSTD supported: 1
2022/06/25-12:35:26.978288 7f419493dc80 	kXpressCompression supported: 0
2022/06/25-12:35:26.978289 7f419493dc80 	kLZ4HCCompression supported: 1
2022/06/25-12:35:26.978290 7f419493dc80 	kLZ4Compression supported: 1
2022/06/25-12:35:26.978290 7f419493dc80 	kBZip2Compression supported: 1
2022/06/25-12:35:26.978291 7f419493dc80 	kZlibCompression supported: 1
2022/06/25-12:35:26.978291 7f419493dc80 	kSnappyCompression supported: 1
2022/06/25-12:35:26.978293 7f419493dc80 Fast CRC32 supported: Supported on x86
2022/06/25-12:35:26.979048 7f419493dc80 [db/db_impl/db_impl_open.cc:283] Creating manifest 1 
2022/06/25-12:35:26.981042 7f419493dc80 [db/version_set.cc:4758] Recovering from manifest file: /home/alula/Downloads/dfxproject1/chang3/.dfx/state/replicated_state/node-100/ic_consensus_pool/certification/MANIFEST-000001
2022/06/25-12:35:26.981123 7f419493dc80 [db/column_family.cc:595] --------------- Options for column family [default]:
2022/06/25-12:35:26.981125 7f419493dc80               Options.comparator: leveldb.BytewiseComparator
2022/06/25-12:35:26.981126 7f419493dc80           Options.merge_operator: None
2022/06/25-12:35:26.981127 7f419493dc80        Options.compaction_filter: None
2022/06/25-12:35:26.981128 7f419493dc80        Options.compaction_filter_factory: None
2022/06/25-12:35:26.981128 7f419493dc80  Options.sst_partitioner_factory: None
2022/06/25-12:35:26.981129 7f419493dc80         Options.memtable_factory: SkipListFactory
2022/06/25-12:35:26.981130 7f419493dc80            Options.table_factory: BlockBasedTable
2022/06/25-12:35:26.981152 7f419493dc80            table_factory options:   flush_block_policy_factory: FlushBlockBySizePolicyFactory (0x5635b9703950)
  cache_index_and_filter_blocks: 0
  cache_index_and_filter_blocks_with_high_priority: 1
  pin_l0_filter_and_index_blocks_in_cache: 0
  pin_top_level_index_and_filter: 1
  index_type: 0
  data_block_index_type: 0
  index_shortening: 1
  data_block_hash_table_util_ratio: 0.750000
  hash_index_allow_collision: 1
  checksum: 1
  no_block_cache: 0
  block_cache: 0x5635b975dd20
  block_cache_name: LRUCache
  block_cache_options:
    capacity : 8388608
    num_shard_bits : 4
    strict_capacity_limit : 0
    memory_allocator : None
    high_pri_pool_ratio: 0.000
  block_cache_compressed: (nil)
  persistent_cache: (nil)
  block_size: 4096
  block_size_deviation: 10
  block_restart_interval: 16
  index_block_restart_interval: 1
  metadata_block_size: 4096
  partition_filters: 0
  use_delta_encoding: 1
  filter_policy: nullptr
  whole_key_filtering: 1
  verify_compression: 0
  read_amp_bytes_per_bit: 0
  format_version: 4
  enable_index_compression: 1
  block_align: 0
2022/06/25-12:35:26.981154 7f419493dc80        Options.write_buffer_size: 67108864
2022/06/25-12:35:26.981154 7f419493dc80  Options.max_write_buffer_number: 2
2022/06/25-12:35:26.981155 7f419493dc80          Options.compression: Snappy
2022/06/25-12:35:26.981156 7f419493dc80                  Options.bottommost_compression: Disabled
2022/06/25-12:35:26.981156 7f419493dc80       Options.prefix_extractor: nullptr
2022/06/25-12:35:26.981157 7f419493dc80   Options.memtable_insert_with_hint_prefix_extractor: nullptr
2022/06/25-12:35:26.981158 7f419493dc80             Options.num_levels: 7
2022/06/25-12:35:26.981158 7f419493dc80        Options.min_write_buffer_number_to_merge: 1
2022/06/25-12:35:26.981159 7f419493dc80     Options.max_write_buffer_number_to_maintain: 0
2022/06/25-12:35:26.981160 7f419493dc80     Options.max_write_buffer_size_to_maintain: 0
2022/06/25-12:35:26.981160 7f419493dc80            Options.bottommost_compression_opts.window_bits: -14
2022/06/25-12:35:26.981161 7f419493dc80                  Options.bottommost_compression_opts.level: 32767
2022/06/25-12:35:26.981162 7f419493dc80               Options.bottommost_compression_opts.strategy: 0
2022/06/25-12:35:26.981162 7f419493dc80         Options.bottommost_compression_opts.max_dict_bytes: 0
2022/06/25-12:35:26.981177 7f419493dc80         Options.bottommost_compression_opts.zstd_max_train_bytes: 0
2022/06/25-12:35:26.981178 7f419493dc80         Options.bottommost_compression_opts.parallel_threads: 1
2022/06/25-12:35:26.981179 7f419493dc80                  Options.bottommost_compression_opts.enabled: false
2022/06/25-12:35:26.981180 7f419493dc80            Options.compression_opts.window_bits: -14
2022/06/25-12:35:26.981180 7f419493dc80                  Options.compression_opts.level: 32767
2022/06/25-12:35:26.981181 7f419493dc80               Options.compression_opts.strategy: 0
2022/06/25-12:35:26.981182 7f419493dc80         Options.compression_opts.max_dict_bytes: 0
2022/06/25-12:35:26.981182 7f419493dc80         Options.compression_opts.zstd_max_train_bytes: 0
2022/06/25-12:35:26.981183 7f419493dc80         Options.compression_opts.parallel_threads: 1
2022/06/25-12:35:26.981183 7f419493dc80                  Options.compression_opts.enabled: false
2022/06/25-12:35:26.981184 7f419493dc80      Options.level0_file_num_compaction_trigger: 4
2022/06/25-12:35:26.981185 7f419493dc80          Options.level0_slowdown_writes_trigger: 20
2022/06/25-12:35:26.981185 7f419493dc80              Options.level0_stop_writes_trigger: 36
2022/06/25-12:35:26.981186 7f419493dc80                   Options.target_file_size_base: 67108864
2022/06/25-12:35:26.981187 7f419493dc80             Options.target_file_size_multiplier: 1
2022/06/25-12:35:26.981187 7f419493dc80                Options.max_bytes_for_level_base: 268435456
2022/06/25-12:35:26.981188 7f419493dc80 Options.level_compaction_dynamic_level_bytes: 0
2022/06/25-12:35:26.981188 7f419493dc80          Options.max_bytes_for_level_multiplier: 10.000000
2022/06/25-12:35:26.981190 7f419493dc80 Options.max_bytes_for_level_multiplier_addtl[0]: 1
2022/06/25-12:35:26.981191 7f419493dc80 Options.max_bytes_for_level_multiplier_addtl[1]: 1
2022/06/25-12:35:26.981191 7f419493dc80 Options.max_bytes_for_level_multiplier_addtl[2]: 1
2022/06/25-12:35:26.981192 7f419493dc80 Options.max_bytes_for_level_multiplier_addtl[3]: 1
2022/06/25-12:35:26.981193 7f419493dc80 Options.max_bytes_for_level_multiplier_addtl[4]: 1
2022/06/25-12:35:26.981193 7f419493dc80 Options.max_bytes_for_level_multiplier_addtl[5]: 1
2022/06/25-12:35:26.981194 7f419493dc80 Options.max_bytes_for_level_multiplier_addtl[6]: 1
2022/06/25-12:35:26.981195 7f419493dc80       Options.max_sequential_skip_in_iterations: 8
2022/06/25-12:35:26.981195 7f419493dc80                    Options.max_compaction_bytes: 1677721600
2022/06/25-12:35:26.981196 7f419493dc80                        Options.arena_block_size: 8388608
2022/06/25-12:35:26.981197 7f419493dc80   Options.soft_pending_compaction_bytes_limit: 68719476736
2022/06/25-12:35:26.981197 7f419493dc80   Options.hard_pending_compaction_bytes_limit: 274877906944
2022/06/25-12:35:26.981198 7f419493dc80       Options.rate_limit_delay_max_milliseconds: 100
2022/06/25-12:35:26.981198 7f419493dc80                Options.disable_auto_compactions: 0
2022/06/25-12:35:26.981200 7f419493dc80                        Options.compaction_style: kCompactionStyleLevel
2022/06/25-12:35:26.981201 7f419493dc80                          Options.compaction_pri: kMinOverlappingRatio
2022/06/25-12:35:26.981201 7f419493dc80 Options.compaction_options_universal.size_ratio: 1
2022/06/25-12:35:26.981202 7f419493dc80 Options.compaction_options_universal.min_merge_width: 2
2022/06/25-12:35:26.981202 7f419493dc80 Options.compaction_options_universal.max_merge_width: 4294967295
2022/06/25-12:35:26.981203 7f419493dc80 Options.compaction_options_universal.max_size_amplification_percent: 200
2022/06/25-12:35:26.981204 7f419493dc80 Options.compaction_options_universal.compression_size_percent: -1
2022/06/25-12:35:26.981205 7f419493dc80 Options.compaction_options_universal.stop_style: kCompactionStopStyleTotalSize
2022/06/25-12:35:26.981205 7f419493dc80 Options.compaction_options_fifo.max_table_files_size: 1073741824
2022/06/25-12:35:26.981206 7f419493dc80 Options.compaction_options_fifo.allow_compaction: 0
2022/06/25-12:35:26.981211 7f419493dc80                   Options.table_properties_collectors: 
2022/06/25-12:35:26.981216 7f419493dc80                   Options.inplace_update_support: 0
2022/06/25-12:35:26.981216 7f419493dc80                 Options.inplace_update_num_locks: 10000
2022/06/25-12:35:26.981217 7f419493dc80               Options.memtable_prefix_bloom_size_ratio: 0.000000
2022/06/25-12:35:26.981218 7f419493dc80               Options.memtable_whole_key_filtering: 0
2022/06/25-12:35:26.981219 7f419493dc80   Options.memtable_huge_page_size: 0
2022/06/25-12:35:26.981219 7f419493dc80                           Options.bloom_locality: 0
2022/06/25-12:35:26.981220 7f419493dc80                    Options.max_successive_merges: 0
2022/06/25-12:35:26.981220 7f419493dc80                Options.optimize_filters_for_hits: 0
2022/06/25-12:35:26.981221 7f419493dc80                Options.paranoid_file_checks: 0
2022/06/25-12:35:26.981222 7f419493dc80                Options.force_consistency_checks: 1
2022/06/25-12:35:26.981222 7f419493dc80                Options.report_bg_io_stats: 0
2022/06/25-12:35:26.981223 7f419493dc80                               Options.ttl: 2592000
2022/06/25-12:35:26.981223 7f419493dc80          Options.periodic_compaction_seconds: 0
2022/06/25-12:35:26.981224 7f419493dc80                    Options.enable_blob_files: false
2022/06/25-12:35:26.981225 7f419493dc80                        Options.min_blob_size: 0
2022/06/25-12:35:26.981225 7f419493dc80                       Options.blob_file_size: 268435456
2022/06/25-12:35:26.981226 7f419493dc80                Options.blob_compression_type: NoCompression
2022/06/25-12:35:26.981227 7f419493dc80       Options.enable_blob_garbage_collection: false
2022/06/25-12:35:26.981227 7f419493dc80   Options.blob_garbage_collection_age_cutoff: 0.250000
2022/06/25-12:35:26.981621 7f419493dc80 [db/version_set.cc:4798] Recovered from manifest file:/home/alula/Downloads/dfxproject1/chang3/.dfx/state/replicated_state/node-100/ic_consensus_pool/certification/MANIFEST-000001 succeeded,manifest_file_number is 1, next_file_number is 3, last_sequence is 0, log_number is 0,prev_log_number is 0,max_column_family is 0,min_log_number_to_keep is 0
2022/06/25-12:35:26.981624 7f419493dc80 [db/version_set.cc:4813] Column family [default] (ID 0), log number is 0
2022/06/25-12:35:26.981672 7f419493dc80 [db/version_set.cc:4112] Creating manifest 3
2022/06/25-12:35:26.984158 7f419493dc80 [db/column_family.cc:595] --------------- Options for column family [CE]:
2022/06/25-12:35:26.984163 7f419493dc80               Options.comparator: leveldb.BytewiseComparator
2022/06/25-12:35:26.984164 7f419493dc80           Options.merge_operator: None
2022/06/25-12:35:26.984167 7f419493dc80        Options.compaction_filter: filter_outdated
2022/06/25-12:35:26.984167 7f419493dc80        Options.compaction_filter_factory: None
2022/06/25-12:35:26.984168 7f419493dc80  Options.sst_partitioner_factory: None
2022/06/25-12:35:26.984169 7f419493dc80         Options.memtable_factory: SkipListFactory
2022/06/25-12:35:26.984169 7f419493dc80            Options.table_factory: BlockBasedTable
2022/06/25-12:35:26.984196 7f419493dc80            table_factory options:   flush_block_policy_factory: FlushBlockBySizePolicyFactory (0x5635b96ceaa0)
  cache_index_and_filter_blocks: 0
  cache_index_and_filter_blocks_with_high_priority: 1
  pin_l0_filter_and_index_blocks_in_cache: 0
  pin_top_level_index_and_filter: 1
  index_type: 0
  data_block_index_type: 0
  index_shortening: 1
  data_block_hash_table_util_ratio: 0.750000
  hash_index_allow_collision: 1
  checksum: 1
  no_block_cache: 0
  block_cache: 0x5635b962e2e0
  block_cache_name: LRUCache
  block_cache_options:
    capacity : 8388608
    num_shard_bits : 4
    strict_capacity_limit : 0
    memory_allocator : None
    high_pri_pool_ratio: 0.000
  block_cache_compressed: (nil)
  persistent_cache: (nil)
  block_size: 4096
  block_size_deviation: 10
  block_restart_interval: 16
  index_block_restart_interval: 1
  metadata_block_size: 4096
  partition_filters: 0
  use_delta_encoding: 1
  filter_policy: nullptr
  whole_key_filtering: 1
  verify_compression: 0
  read_amp_bytes_per_bit: 0
  format_version: 4
  enable_index_compression: 1
  block_align: 0
2022/06/25-12:35:26.984198 7f419493dc80        Options.write_buffer_size: 67108864
2022/06/25-12:35:26.984199 7f419493dc80  Options.max_write_buffer_number: 2
2022/06/25-12:35:26.984199 7f419493dc80          Options.compression: NoCompression
2022/06/25-12:35:26.984201 7f419493dc80                  Options.bottommost_compression: Disabled
2022/06/25-12:35:26.984201 7f419493dc80       Options.prefix_extractor: nullptr
2022/06/25-12:35:26.984202 7f419493dc80   Options.memtable_insert_with_hint_prefix_extractor: nullptr
2022/06/25-12:35:26.984203 7f419493dc80             Options.num_levels: 7
2022/06/25-12:35:26.984203 7f419493dc80        Options.min_write_buffer_number_to_merge: 1
2022/06/25-12:35:26.984204 7f419493dc80     Options.max_write_buffer_number_to_maintain: 0
2022/06/25-12:35:26.984205 7f419493dc80     Options.max_write_buffer_size_to_maintain: 0
2022/06/25-12:35:26.984205 7f419493dc80            Options.bottommost_compression_opts.window_bits: -14
2022/06/25-12:35:26.984206 7f419493dc80                  Options.bottommost_compression_opts.level: 32767
2022/06/25-12:35:26.984207 7f419493dc80               Options.bottommost_compression_opts.strategy: 0
2022/06/25-12:35:26.984207 7f419493dc80         Options.bottommost_compression_opts.max_dict_bytes: 0
2022/06/25-12:35:26.984208 7f419493dc80         Options.bottommost_compression_opts.zstd_max_train_bytes: 0
2022/06/25-12:35:26.984209 7f419493dc80         Options.bottommost_compression_opts.parallel_threads: 1
2022/06/25-12:35:26.984210 7f419493dc80                  Options.bottommost_compression_opts.enabled: false
2022/06/25-12:35:26.984210 7f419493dc80            Options.compression_opts.window_bits: -14
2022/06/25-12:35:26.984211 7f419493dc80                  Options.compression_opts.level: 32767
2022/06/25-12:35:26.984212 7f419493dc80               Options.compression_opts.strategy: 0
2022/06/25-12:35:26.984212 7f419493dc80         Options.compression_opts.max_dict_bytes: 0
2022/06/25-12:35:26.984213 7f419493dc80         Options.compression_opts.zstd_max_train_bytes: 0
2022/06/25-12:35:26.984214 7f419493dc80         Options.compression_opts.parallel_threads: 1
2022/06/25-12:35:26.984214 7f419493dc80                  Options.compression_opts.enabled: false
2022/06/25-12:35:26.984231 7f419493dc80      Options.level0_file_num_compaction_trigger: 4
2022/06/25-12:35:26.984232 7f419493dc80          Options.level0_slowdown_writes_trigger: 20
2022/06/25-12:35:26.984232 7f419493dc80              Options.level0_stop_writes_trigger: 36
2022/06/25-12:35:26.984233 7f419493dc80                   Options.target_file_size_base: 67108864
2022/06/25-12:35:26.984234 7f419493dc80             Options.target_file_size_multiplier: 1
2022/06/25-12:35:26.984234 7f419493dc80                Options.max_bytes_for_level_base: 268435456
2022/06/25-12:35:26.984235 7f419493dc80 Options.level_compaction_dynamic_level_bytes: 0
2022/06/25-12:35:26.984235 7f419493dc80          Options.max_bytes_for_level_multiplier: 10.000000
2022/06/25-12:35:26.984238 7f419493dc80 Options.max_bytes_for_level_multiplier_addtl[0]: 1
2022/06/25-12:35:26.984239 7f419493dc80 Options.max_bytes_for_level_multiplier_addtl[1]: 1
2022/06/25-12:35:26.984239 7f419493dc80 Options.max_bytes_for_level_multiplier_addtl[2]: 1
2022/06/25-12:35:26.984240 7f419493dc80 Options.max_bytes_for_level_multiplier_addtl[3]: 1
2022/06/25-12:35:26.984240 7f419493dc80 Options.max_bytes_for_level_multiplier_addtl[4]: 1
2022/06/25-12:35:26.984241 7f419493dc80 Options.max_bytes_for_level_multiplier_addtl[5]: 1
2022/06/25-12:35:26.984242 7f419493dc80 Options.max_bytes_for_level_multiplier_addtl[6]: 1
2022/06/25-12:35:26.984242 7f419493dc80       Options.max_sequential_skip_in_iterations: 8
2022/06/25-12:35:26.984243 7f419493dc80                    Options.max_compaction_bytes: 1677721600
2022/06/25-12:35:26.984244 7f419493dc80                        Options.arena_block_size: 8388608
2022/06/25-12:35:26.984244 7f419493dc80   Options.soft_pending_compaction_bytes_limit: 68719476736
2022/06/25-12:35:26.984245 7f419493dc80   Options.hard_pending_compaction_bytes_limit: 274877906944
2022/06/25-12:35:26.984246 7f419493dc80       Options.rate_limit_delay_max_milliseconds: 100
2022/06/25-12:35:26.984246 7f419493dc80                Options.disable_auto_compactions: 1
2022/06/25-12:35:26.984248 7f419493dc80                        Options.compaction_style: kCompactionStyleLevel
2022/06/25-12:35:26.984249 7f419493dc80                          Options.compaction_pri: kMinOverlappingRatio
2022/06/25-12:35:26.984250 7f419493dc80 Options.compaction_options_universal.size_ratio: 1
2022/06/25-12:35:26.984250 7f419493dc80 Options.compaction_options_universal.min_merge_width: 2
2022/06/25-12:35:26.984251 7f419493dc80 Options.compaction_options_universal.max_merge_width: 4294967295
2022/06/25-12:35:26.984251 7f419493dc80 Options.compaction_options_universal.max_size_amplification_percent: 200
2022/06/25-12:35:26.984252 7f419493dc80 Options.compaction_options_universal.compression_size_percent: -1
2022/06/25-12:35:26.984253 7f419493dc80 Options.compaction_options_universal.stop_style: kCompactionStopStyleTotalSize
2022/06/25-12:35:26.984254 7f419493dc80 Options.compaction_options_fifo.max_table_files_size: 1073741824
2022/06/25-12:35:26.984255 7f419493dc80 Options.compaction_options_fifo.allow_compaction: 0
2022/06/25-12:35:26.984260 7f419493dc80                   Options.table_properties_collectors: 
2022/06/25-12:35:26.984261 7f419493dc80                   Options.inplace_update_support: 0
2022/06/25-12:35:26.984262 7f419493dc80                 Options.inplace_update_num_locks: 10000
2022/06/25-12:35:26.984262 7f419493dc80               Options.memtable_prefix_bloom_size_ratio: 0.000000
2022/06/25-12:35:26.984263 7f419493dc80               Options.memtable_whole_key_filtering: 0
2022/06/25-12:35:26.984264 7f419493dc80   Options.memtable_huge_page_size: 0
2022/06/25-12:35:26.984264 7f419493dc80                           Options.bloom_locality: 0
2022/06/25-12:35:26.984265 7f419493dc80                    Options.max_successive_merges: 0
2022/06/25-12:35:26.984266 7f419493dc80                Options.optimize_filters_for_hits: 0
2022/06/25-12:35:26.984266 7f419493dc80                Options.paranoid_file_checks: 0
2022/06/25-12:35:26.984267 7f419493dc80                Options.force_consistency_checks: 1
2022/06/25-12:35:26.984271 7f419493dc80                Options.report_bg_io_stats: 0
2022/06/25-12:35:26.984272 7f419493dc80                               Options.ttl: 2592000
2022/06/25-12:35:26.984273 7f419493dc80          Options.periodic_compaction_seconds: 2592000
2022/06/25-12:35:26.984273 7f419493dc80                    Options.enable_blob_files: false
2022/06/25-12:35:26.984274 7f419493dc80                        Options.min_blob_size: 0
2022/06/25-12:35:26.984275 7f419493dc80                       Options.blob_file_size: 268435456
2022/06/25-12:35:26.984275 7f419493dc80                Options.blob_compression_type: NoCompression
2022/06/25-12:35:26.984276 7f419493dc80       Options.enable_blob_garbage_collection: false
2022/06/25-12:35:26.984277 7f419493dc80   Options.blob_garbage_collection_age_cutoff: 0.250000
2022/06/25-12:35:26.984313 7f419493dc80 [db/db_impl/db_impl.cc:2654] Created column family [CE] (ID 1)
2022/06/25-12:35:26.986376 7f419493dc80 [db/column_family.cc:595] --------------- Options for column family [CES]:
2022/06/25-12:35:26.986379 7f419493dc80               Options.comparator: leveldb.BytewiseComparator
2022/06/25-12:35:26.986380 7f419493dc80           Options.merge_operator: None
2022/06/25-12:35:26.986381 7f419493dc80        Options.compaction_filter: filter_outdated
2022/06/25-12:35:26.986382 7f419493dc80        Options.compaction_filter_factory: None
2022/06/25-12:35:26.986383 7f419493dc80  Options.sst_partitioner_factory: None
2022/06/25-12:35:26.986383 7f419493dc80         Options.memtable_factory: SkipListFactory
2022/06/25-12:35:26.986384 7f419493dc80            Options.table_factory: BlockBasedTable
2022/06/25-12:35:26.986399 7f419493dc80            table_factory options:   flush_block_policy_factory: FlushBlockBySizePolicyFactory (0x5635b97f55e0)
  cache_index_and_filter_blocks: 0
  cache_index_and_filter_blocks_with_high_priority: 1
  pin_l0_filter_and_index_blocks_in_cache: 0
  pin_top_level_index_and_filter: 1
  index_type: 0
  data_block_index_type: 0
  index_shortening: 1
  data_block_hash_table_util_ratio: 0.750000
  hash_index_allow_collision: 1
  checksum: 1
  no_block_cache: 0
  block_cache: 0x5635b96cbea0
  block_cache_name: LRUCache
  block_cache_options:
    capacity : 8388608
    num_shard_bits : 4
    strict_capacity_limit : 0
    memory_allocator : None
    high_pri_pool_ratio: 0.000
  block_cache_compressed: (nil)
  persistent_cache: (nil)
  block_size: 4096
  block_size_deviation: 10
  block_restart_interval: 16
  index_block_restart_interval: 1
  metadata_block_size: 4096
  partition_filters: 0
  use_delta_encoding: 1
  filter_policy: nullptr
  whole_key_filtering: 1
  verify_compression: 0
  read_amp_bytes_per_bit: 0
  format_version: 4
  enable_index_compression: 1
  block_align: 0
2022/06/25-12:35:26.986400 7f419493dc80        Options.write_buffer_size: 67108864
2022/06/25-12:35:26.986401 7f419493dc80  Options.max_write_buffer_number: 2
2022/06/25-12:35:26.986402 7f419493dc80          Options.compression: NoCompression
2022/06/25-12:35:26.986402 7f419493dc80                  Options.bottommost_compression: Disabled
2022/06/25-12:35:26.986403 7f419493dc80       Options.prefix_extractor: nullptr
2022/06/25-12:35:26.986403 7f419493dc80   Options.memtable_insert_with_hint_prefix_extractor: nullptr
2022/06/25-12:35:26.986404 7f419493dc80             Options.num_levels: 7
2022/06/25-12:35:26.986405 7f419493dc80        Options.min_write_buffer_number_to_merge: 1
2022/06/25-12:35:26.986405 7f419493dc80     Options.max_write_buffer_number_to_maintain: 0
2022/06/25-12:35:26.986406 7f419493dc80     Options.max_write_buffer_size_to_maintain: 0
2022/06/25-12:35:26.986407 7f419493dc80            Options.bottommost_compression_opts.window_bits: -14
2022/06/25-12:35:26.986407 7f419493dc80                  Options.bottommost_compression_opts.level: 32767
2022/06/25-12:35:26.986408 7f419493dc80               Options.bottommost_compression_opts.strategy: 0
2022/06/25-12:35:26.986409 7f419493dc80         Options.bottommost_compression_opts.max_dict_bytes: 0
2022/06/25-12:35:26.986409 7f419493dc80         Options.bottommost_compression_opts.zstd_max_train_bytes: 0
2022/06/25-12:35:26.986410 7f419493dc80         Options.bottommost_compression_opts.parallel_threads: 1
2022/06/25-12:35:26.986411 7f419493dc80                  Options.bottommost_compression_opts.enabled: false
2022/06/25-12:35:26.986411 7f419493dc80            Options.compression_opts.window_bits: -14
2022/06/25-12:35:26.986412 7f419493dc80                  Options.compression_opts.level: 32767
2022/06/25-12:35:26.986412 7f419493dc80               Options.compression_opts.strategy: 0
2022/06/25-12:35:26.986413 7f419493dc80         Options.compression_opts.max_dict_bytes: 0
2022/06/25-12:35:26.986414 7f419493dc80         Options.compression_opts.zstd_max_train_bytes: 0
2022/06/25-12:35:26.986414 7f419493dc80         Options.compression_opts.parallel_threads: 1
2022/06/25-12:35:26.986415 7f419493dc80                  Options.compression_opts.enabled: false
2022/06/25-12:35:26.986423 7f419493dc80      Options.level0_file_num_compaction_trigger: 4
2022/06/25-12:35:26.986424 7f419493dc80          Options.level0_slowdown_writes_trigger: 20
2022/06/25-12:35:26.986424 7f419493dc80              Options.level0_stop_writes_trigger: 36
2022/06/25-12:35:26.986425 7f419493dc80                   Options.target_file_size_base: 67108864
2022/06/25-12:35:26.986426 7f419493dc80             Options.target_file_size_multiplier: 1
2022/06/25-12:35:26.986426 7f419493dc80                Options.max_bytes_for_level_base: 268435456
2022/06/25-12:35:26.986427 7f419493dc80 Options.level_compaction_dynamic_level_bytes: 0
2022/06/25-12:35:26.986428 7f419493dc80          Options.max_bytes_for_level_multiplier: 10.000000
2022/06/25-12:35:26.986429 7f419493dc80 Options.max_bytes_for_level_multiplier_addtl[0]: 1
2022/06/25-12:35:26.986430 7f419493dc80 Options.max_bytes_for_level_multiplier_addtl[1]: 1
2022/06/25-12:35:26.986430 7f419493dc80 Options.max_bytes_for_level_multiplier_addtl[2]: 1
2022/06/25-12:35:26.986431 7f419493dc80 Options.max_bytes_for_level_multiplier_addtl[3]: 1
2022/06/25-12:35:26.986432 7f419493dc80 Options.max_bytes_for_level_multiplier_addtl[4]: 1
2022/06/25-12:35:26.986432 7f419493dc80 Options.max_bytes_for_level_multiplier_addtl[5]: 1
2022/06/25-12:35:26.986433 7f419493dc80 Options.max_bytes_for_level_multiplier_addtl[6]: 1
2022/06/25-12:35:26.986433 7f419493dc80       Options.max_sequential_skip_in_iterations: 8
2022/06/25-12:35:26.986434 7f419493dc80                    Options.max_compaction_bytes: 1677721600
2022/06/25-12:35:26.986435 7f419493dc80                        Options.arena_block_size: 8388608
2022/06/25-12:35:26.986435 7f419493dc80   Options.soft_pending_compaction_bytes_limit: 68719476736
2022/06/25-12:35:26.986436 7f419493dc80   Options.hard_pending_compaction_bytes_limit: 274877906944
2022/06/25-12:35:26.986437 7f419493dc80       Options.rate_limit_delay_max_milliseconds: 100
2022/06/25-12:35:26.986437 7f419493dc80                Options.disable_auto_compactions: 1
2022/06/25-12:35:26.986438 7f419493dc80                        Options.compaction_style: kCompactionStyleLevel
2022/06/25-12:35:26.986439 7f419493dc80                          Options.compaction_pri: kMinOverlappingRatio
2022/06/25-12:35:26.986440 7f419493dc80 Options.compaction_options_universal.size_ratio: 1
2022/06/25-12:35:26.986440 7f419493dc80 Options.compaction_options_universal.min_merge_width: 2
2022/06/25-12:35:26.986441 7f419493dc80 Options.compaction_options_universal.max_merge_width: 4294967295
2022/06/25-12:35:26.986442 7f419493dc80 Options.compaction_options_universal.max_size_amplification_percent: 200
2022/06/25-12:35:26.986442 7f419493dc80 Options.compaction_options_universal.compression_size_percent: -1
2022/06/25-12:35:26.986443 7f419493dc80 Options.compaction_options_universal.stop_style: kCompactionStopStyleTotalSize
2022/06/25-12:35:26.986444 7f419493dc80 Options.compaction_options_fifo.max_table_files_size: 1073741824
2022/06/25-12:35:26.986444 7f419493dc80 Options.compaction_options_fifo.allow_compaction: 0
2022/06/25-12:35:26.986446 7f419493dc80                   Options.table_properties_collectors: 
2022/06/25-12:35:26.986447 7f419493dc80                   Options.inplace_update_support: 0
2022/06/25-12:35:26.986447 7f419493dc80                 Options.inplace_update_num_locks: 10000
2022/06/25-12:35:26.986448 7f419493dc80               Options.memtable_prefix_bloom_size_ratio: 0.000000
2022/06/25-12:35:26.986449 7f419493dc80               Options.memtable_whole_key_filtering: 0
2022/06/25-12:35:26.986450 7f419493dc80   Options.memtable_huge_page_size: 0
2022/06/25-12:35:26.986450 7f419493dc80                           Options.bloom_locality: 0
2022/06/25-12:35:26.986451 7f419493dc80                    Options.max_successive_merges: 0
2022/06/25-12:35:26.986452 7f419493dc80                Options.optimize_filters_for_hits: 0
2022/06/25-12:35:26.986452 7f419493dc80                Options.paranoid_file_checks: 0
2022/06/25-12:35:26.986453 7f419493dc80                Options.force_consistency_checks: 1
2022/06/25-12:35:26.986457 7f419493dc80                Options.report_bg_io_stats: 0
2022/06/25-12:35:26.986458 7f419493dc80                               Options.ttl: 2592000
2022/06/25-12:35:26.986459 7f419493dc80          Options.periodic_compaction_seconds: 2592000
2022/06/25-12:35:26.986459 7f419493dc80                    Options.enable_blob_files: false
2022/06/25-12:35:26.986460 7f419493dc80                        Options.min_blob_size: 0
2022/06/25-12:35:26.986461 7f419493dc80                       Options.blob_file_size: 268435456
2022/06/25-12:35:26.986461 7f419493dc80                Options.blob_compression_type: NoCompression
2022/06/25-12:35:26.986462 7f419493dc80       Options.enable_blob_garbage_collection: false
2022/06/25-12:35:26.986463 7f419493dc80   Options.blob_garbage_collection_age_cutoff: 0.250000
2022/06/25-12:35:26.986491 7f419493dc80 [db/db_impl/db_impl.cc:2654] Created column family [CES] (ID 2)
2022/06/25-12:35:26.991637 7f419493dc80 [db/db_impl/db_impl_open.cc:1708] SstFileManager instance 0x5635b9738c40
2022/06/25-12:35:26.991669 7f419493dc80 DB pointer 0x5635b96432c0
2022/06/25-12:35:30.001558 7f4154ff9640 [db/db_impl/db_impl.cc:927] ------- DUMPING STATS -------
2022/06/25-12:35:30.001596 7f4154ff9640 [db/db_impl/db_impl.cc:929] 
** DB Stats **
Uptime(secs): 3.0 total, 3.0 interval
Cumulative writes: 8 writes, 8 keys, 8 commit groups, 0.9 writes per commit group, ingest: 0.00 GB, 0.00 MB/s
Cumulative WAL: 8 writes, 0 syncs, 8.00 writes per sync, written: 0.00 GB, 0.00 MB/s
Cumulative stall: 00:00:0.000 H:M:S, 0.0 percent
Interval writes: 8 writes, 8 keys, 8 commit groups, 0.9 writes per commit group, ingest: 0.00 MB, 0.00 MB/s
Interval WAL: 8 writes, 0 syncs, 8.00 writes per sync, written: 0.00 MB, 0.00 MB/s
Interval stall: 00:00:0.000 H:M:S, 0.0 percent

** Compaction Stats [default] **
Level    Files   Size     Score Read(GB)  Rn(GB) Rnp1(GB) Write(GB) Wnew(GB) Moved(GB) W-Amp Rd(MB/s) Wr(MB/s) Comp(sec) CompMergeCPU(sec) Comp(cnt) Avg(sec) KeyIn KeyDrop
----------------------------------------------------------------------------------------------------------------------------------------------------------------------------
 Sum      0/0    0.00 KB   0.0      0.0     0.0      0.0       0.0      0.0       0.0   0.0      0.0      0.0      0.00              0.00         0    0.000       0      0
 Int      0/0    0.00 KB   0.0      0.0     0.0      0.0       0.0      0.0       0.0   0.0      0.0      0.0      0.00              0.00         0    0.000       0      0

** Compaction Stats [default] **
Priority    Files   Size     Score Read(GB)  Rn(GB) Rnp1(GB) Write(GB) Wnew(GB) Moved(GB) W-Amp Rd(MB/s) Wr(MB/s) Comp(sec) CompMergeCPU(sec) Comp(cnt) Avg(sec) KeyIn KeyDrop
-------------------------------------------------------------------------------------------------------------------------------------------------------------------------------
Uptime(secs): 3.0 total, 3.0 interval
Flush(GB): cumulative 0.000, interval 0.000
AddFile(GB): cumulative 0.000, interval 0.000
AddFile(Total Files): cumulative 0, interval 0
AddFile(L0 Files): cumulative 0, interval 0
AddFile(Keys): cumulative 0, interval 0
Cumulative compaction: 0.00 GB write, 0.00 MB/s write, 0.00 GB read, 0.00 MB/s read, 0.0 seconds
Interval compaction: 0.00 GB write, 0.00 MB/s write, 0.00 GB read, 0.00 MB/s read, 0.0 seconds
Stalls(count): 0 level0_slowdown, 0 level0_slowdown_with_compaction, 0 level0_numfiles, 0 level0_numfiles_with_compaction, 0 stop for pending_compaction_bytes, 0 slowdown for pending_compaction_bytes, 0 memtable_compaction, 0 memtable_slowdown, interval 0 total count

** File Read Latency Histogram By Level [default] **

** Compaction Stats [CE] **
